61.00849771 694.9328958 1215.899089
62.9822149 26.85894121 225.2597654
66.11991016 279.0474545 122.4864877
69.07002887 41.6330186 205.334834
70.01377731 695.5877486 1545.175233
70.0615849 24.9353421 864.3262274
70.9725703 699.2992618 179.2185215
72.08034542 28.79019684 2932.236341
73.52984741 694.9328958 323.1775575
73.51424539 19.26604801 93.73359152
77.04762531 35.16327883 65.7916055
77.99402176 699.922519 130.3019486
79.01673617 696.892138 813.1861317
80.94871381 23.58307567 5262.979478
81.51921987 695.5877486 7130.691428
82.0141838 18.57320598 601.7013778
82.53496663 694.9840552 746.1464644
82.95476903 22.93249602 1909.156086
83.51940157 695.2919418 226.6575461
84.08045207 28.1697028 422.7807999
84.98393431 694.295781 2921.680558
86.09601734 43.59391897 11853.96735
87.08993814 42.97419527 917.2983325
88.50496513 698.2401496 238.6558517
89.50515666 699.2460887 3151.95525
90.05257592 26.19824479 167.2971399
90.50891779 695.6386772 6566.994824
90.97858574 20.60608363 3058.995094
90.97686356 484.7439724 5351.857152
91.50351385 695.5672357 2573.109326
92.50090176 695.5704706 428.7088814
93.07397407 71.75997994 70.85644823
94.04647713 694.8828919 518.1879406
94.06708972 23.92435972 325.0777626
94.97581584 704.5587697 425.5286585
96.96236072 705.5030357 6628.962934
96.92122736 22.92945869 439.3931328
98.51095724 700.3466866 4617.738737
98.96970526 30.0375735 736.203651
99.51166927 695.9426036 13516.44077
100.0756781 71.14275683 257.6551752
100.5095608 695.6386772 5564.086984
101.2288562 696.202075 178.110504
102.0426817 695.6386772 3825.746054
102.904319 696.8484337 134.6294267
103.0524849 71.6888968 450.7104604
104.0820626 26.89615301 2007.027191
105.0258461 28.47733031 536.6409896
105.0384568 141.8105253 254.9803826
107.0849141 190.471579 163.5472474
107.0337807 71.10096716 298.0610587
107.9673251 680.8519129 709.0511877
110.0168422 698.1970426 2147.911555
110.009497 19.21190093 967.7617148
111.0266702 694.9468046 7289.656902
112.0120406 696.2431681 3303.052831
112.8831058 21.81266475 38.06859686
112.9765714 698.2401496 1381.304445
113.9657707 702.5328757 10741.06894
114.0667668 25.51911874 559.0325097
114.9714398 704.5587697 2359.379474
115.0791606 24.97096819 75.93031195
115.9678163 697.8843816 3144.446427
116.0684591 25.5391161 1604.654376
116.9697644 699.9158458 257.871645
117.0422541 23.61453221 135.9488677
117.9451591 701.9517726 2012.802591
118.086559 26.54413754 5058.691732
119.0845257 314.7129931 935.3270688
119.0635135 31.82935906 944.0783003
119.9618359 698.1499526 144.5974307
120.081303 71.73931635 15696.28166
119.9978054 21.80407406 162.1603958
121.0843357 71.52503111 1805.588288
121.8873792 71.32818514 182.1788639
122.0178798 22.99229964 530.9349579
122.5452621 696.2453307 131.8562645
123.0444656 35.06770639 1430.110269
124.9571013 705.1884111 1076.879473
125.9914077 695.5877486 7367.647357
126.9807653 699.4421316 840.3031438
128.0737932 184.2426451 355.3499689
127.9841957 698.2959445 375.8945477
128.9520709 703.90047 5574.656996
129.0673321 26.14446868 267.6743203
129.0579594 190.4619411 124.2313322
130.0592593 28.1557209 1786.486311
129.9900399 701.8825543 557.1662541
130.9665213 701.9619949 1355.702332
131.0451786 71.73931635 575.9589499
131.9538733 699.3848987 928.2950754
132.0985633 43.57464982 3860.725684
133.0502297 32.65358472 1945.650754
133.9336056 696.2431681 849.2256779
134.0965418 152.0630084 2255.530993
134.0959185 24.85727859 576.5379497
135.0179152 25.86667623 320.0427174
135.0801057 191.1291246 247.1574231
135.0814884 315.0460501 435.1831194
135.9409567 697.551465 584.0075668
136.0747745 35.11493818 4007.20456
136.1009433 123.7110099 504.1989337
137.058423 31.36433222 1060.42927
137.039828 63.63489196 382.7637095
137.1084769 123.7108122 402.2077742
137.9740252 699.9909002 380.946102
138.0364311 22.92945869 458.0340826
138.9306037 24.52314497 502.1010207
138.9781695 696.8966506 451.3476493
139.9929391 694.9840552 2727.886917
140.069954 23.04406961 384.881391
140.9028402 23.96090153 264.6897029
141.0327664 692.9681887 2674.813732
141.9617372 702.583456 6566.167403
142.9358705 28.13745307 239.3832892
142.9768942 699.2992618 2020.023395
143.9601471 694.9335201 4471.426326
144.1012598 25.58849361 2800.473653
145.0819855 27.42652453 319.2038933
145.9336423 705.2007437 11787.84893
146.0607714 125.003207 1302.698204
146.1066673 26.79669767 141.0525717
146.930087 706.5504391 582.8857995
147.0873147 123.7280644 279.7490564
147.0533791 33.78309608 1111.59588
148.1040495 123.7152671 683.7912097
148.9172785 21.81493125 143.5048155
149.061046 71.17206722 607.7021908
149.068937 123.7195242 1414.294092
150.0845982 123.7152671 4695.956413
150.052635 30.68981259 1371.142868
151.0918599 123.7152671 2631.088768
151.0177557 694.247877 194.6127112
151.0300542 21.80823432 350.5853976
152.0198827 27.3824743 334.7943187
153.0288749 30.0587285 213.551403
153.9674353 697.6492826 160.2909875
154.9852985 700.6052753 818.1762494
155.1060306 169.6730757 336.8025733
155.9778292 701.6670875 231.2355109
156.0704745 24.23953475 247.8145402
156.9740013 701.9138179 1246.264884
158.0959031 34.48599385 106.7303162
158.0995749 136.5677508 69.65212821
158.962537 703.8676478 14488.50434
159.0918703 152.7075967 500.1669076
159.084561 232.1558075 187.896325
159.0794107 26.19824479 110.2530131
159.9641638 704.4845437 1392.152447
160.1205404 26.83627208 142.9965848
160.217499 279.0462923 147.2116284
160.96182 702.5615918 588.8435131
161.0088727 36.45425435 466.3549603
161.9623986 697.8675492 221.0232529
162.1119981 24.88965759 2149.400926
163.1155904 123.7152671 868.5969131
163.943675 707.1187776 826.5827787
164.121278 123.7152671 963.5172591
165.053854 35.12452331 5320.392278
166.0867636 71.76745247 5674.457767
166.0144633 184.1295636 152.9630044
165.9808786 696.1720367 157.0209095
167.019041 694.2307092 512.3626986
167.0849607 71.76584031 746.0193365
169.0378781 28.81237879 2759.318998
169.0592007 189.8227403 87.06377792
170.02924 29.36043149 458.895142
169.978639 701.9347688 194.1496584
170.9822278 27.36739738 610.4733903
172.0452507 182.9324835 292.9495345
172.9660793 697.5645552 776.3276018
174.085961 124.3640334 390.9590464
174.9562209 695.5909214 953.176707
175.0962988 25.47180187 441.613282
176.1186925 152.0600246 148506.4603
176.9583091 697.5418588 762.4831538
177.1216171 152.0600246 20704.64212
178.1207871 152.3948088 1703.657574
178.9546835 696.3599358 159.0007129
179.0638364 152.3542594 523.8429431
179.0251804 32.27933917 165.7588416
179.9503536 152.708779 100.6632814
181.0240454 37.0587327 374.7979408
182.0805548 35.13314092 3430.785777
182.9649176 697.5241745 2245.967323
183.0854163 35.13314092 482.648323
184.0564021 694.2796843 705.8621378
184.9796287 696.2431681 3414.440624
185.1151626 420.8888416 358.2213624
185.1247759 123.7229928 81.60542131
185.9883289 695.5718356 276.0551391
186.9582595 703.90047 18230.51494
187.0639434 25.49777459 204.5825813
187.9611726 703.9036773 1577.236711
188.0709659 125.0117535 9849.901567
188.9661241 701.2413038 442.0837355
189.0729258 125.003207 1444.103759
190.0059482 421.5597849 688.4555571
190.0821981 124.0429682 905.1939156
190.9304501 702.6165249 328.8971338
191.090279 123.7152671 17243.3261
191.0367193 24.24192771 1374.70662
191.6125429 391.3741599 101.7973019
191.9943129 421.5414865 290.3124097
192.0962118 123.7152671 59934.0745
192.1638188 30.1364174 411.2303799
193.1017115 123.7152671 33469.47321
194.0067252 694.2796843 808.3816532
194.1053331 123.7108122 4617.577297
195.0984267 21.8067154 609.8557904
195.0960304 123.7229928 1100.815114
195.9136763 707.8011477 2016.981012
196.3414349 123.6948813 60.49348726
196.8717918 23.58529168 1090.081999
196.9164163 707.1388421 207.9618122
197.9152776 704.5404513 214.8128915
198.0706691 26.24499168 126.0399434
198.8717287 23.58529168 1071.255985
200.0305901 23.57462029 199.169003
200.9027821 25.50006845 487.2589312
201.0740341 129.5917992 4574.010666
201.9690832 696.5863378 164.4761858
202.0768262 130.2464817 420.7414421
201.9995341 35.14923063 202.6455153
203.052129 24.30075544 11492.24414
204.1047927 29.38072536 2950.239815
204.1839842 279.0158748 131.6336524
204.9618541 703.1627103 271.3524238
205.0613856 27.79099927 665.5976681
205.0972563 124.3722676 1428.686759
205.6246985 420.8935562 131.6434713
205.9869931 32.67433628 572.3670862
206.1001816 124.3844507 261.6552388
206.9223494 23.58307567 684.9303434
207.0529188 184.1364832 532.4845331
208.1263646 35.19872421 470.5932066
208.9448062 703.2513031 724.0633945
209.0730751 24.84865839 1732.838081
209.1226845 123.7152671 1189.019123
209.9464339 699.3848987 171.4350721
210.1293372 123.7152671 15238.33515
211.1321884 123.7152671 2583.468349
211.9471111 695.604406 194.6151207
212.1231897 123.3870615 416.93969
212.9835958 29.41466082 151.2408079
213.9253131 703.5885309 213.0586333
213.9984149 26.14446868 130.8504999
214.9195469 694.2783797 542.300549
215.0147201 31.39379745 1304.696139
216.0263999 32.00074684 302.5814723
216.9275945 21.8067154 1700.225634
217.1046719 119.3366781 1099.475466
218.0903223 46.68783962 666.0228049
218.9275742 706.4334345 498.9750848
219.0345111 30.45544666 8396.335189
219.9112303 703.8895744 102.1512689
220.0466535 30.13950152 723.2018069
220.9358683 278.7136197 122.3913554
221.0215087 28.77850386 353.1058203
221.9903707 36.3855633 280.5596924
222.1225473 173.2140604 1240.720252
222.9395956 30.84540182 272.0354837
223.07364 178.9304607 447.1186193
223.9754896 696.1866142 135.7886934
225.029097 23.57609141 211.365794
225.0583083 183.4816859 155.2120484
226.1061511 693.6876094 157.5017559
226.6239162 256.5933723 15.81437224
226.9525284 684.0820143 3549.877714
226.953045 20.51973504 2374.988462
226.9526672 485.7267644 2868.449743
227.0843351 314.4174362 406.0633257
227.9571741 22.92491115 157.0275633
229.1529498 34.47469823 22.28910019
230.903977 696.1805506 309.8160146
232.1253946 122.0639439 464.4372382
232.913603 21.81636577 254.8012683
232.8955518 694.2783797 300.7911747
234.0037521 183.4968974 128.0153282
233.9790962 31.11805134 130.7343443
234.9740083 697.4773631 457.3596931
234.9688724 26.87721733 335.7663411
235.6304853 256.5876124 22.69018691
236.9394239 706.4979962 2909.79796
237.0035333 30.64995345 225.5457947
237.9342025 705.8663292 401.7903943
238.9382169 704.5839379 233.3349964
239.1853832 279.048294 407.9551795
239.1476112 132.6702617 319.3897805
239.090083 179.555278 277.5853074
239.2343811 420.8888416 1076.320062
240.0070172 184.1106689 98.63968403
240.2281 420.9110448 281.4314952
241.0226182 30.0375735 1222.474242
241.8932981 699.9887074 138.0296913
242.0070522 29.09308357 130.5259807
242.9214145 688.3725526 320.4681884
242.9460123 22.36955512 225.8119231
243.9174477 692.2547447 318.2143702
244.2651511 307.1977909 282.9522622
245.8864935 704.5624098 179.5639114
246.1579854 145.5480478 139.0533674
247.8928546 702.5519695 248.8201607
247.9542623 22.36604558 137.501059
248.986776 26.16438773 162.5096857
249.9842301 25.50236231 78.37224673
250.170472 266.1892108 135.4019378
250.9336892 696.1805506 174.1517713
250.9794334 26.95784786 124.7788716
252.631227 257.867485 286.1833598
252.9755373 694.9328958 524.3923714
253.8486601 699.2460887 104.8177405
254.828421 23.58307567 744.1126324
254.9912079 694.9167102 249.9346565
255.1575326 278.4014316 293.8473594
255.888099 696.1986016 143.4268964
255.9637986 22.92945869 92.55054943
256.2636516 411.9368349 887.92483
256.8253312 23.58412494 950.6642184
256.9237645 696.8982464 127.2525075
257.0940835 234.1118852 245.3204002
257.2545006 415.4216705 320.8725577
257.8937419 695.5877486 81.79491842
258.0090578 21.82622138 267.849187
258.8305498 23.58190892 512.2292397
258.8870431 702.583456 445.1318626
260.1385841 148.1777268 285.1398721
260.147064 693.5775693 202.4185086
260.8907813 700.6366136 139.4435597
261.0096736 24.88985276 267.910223
261.1323483 132.6683899 1112.453849
261.8902516 696.9780334 104.0479629
262.126716 132.6766988 170.1239357
262.0713905 31.4017346 103.381621
262.8604104 703.888827 412.9065322
262.9963453 26.20250927 329.8422744
263.8728663 702.5615929 212.875844
264.928724 25.19369424 244.4869876
265.1188354 146.1889328 98.60488606
265.2539683 419.5906917 440.9778901
265.8732971 699.9887074 128.0762046
266.6348914 341.9010914 77.6342512
267.0573342 29.71789475 217.4670475
267.2664298 445.2966451 717.7940541
267.6445761 365.6592502 1050.158575
268.02086 184.1712408 225.141156
268.258415 445.4041653 222.6991482
268.6450942 365.6812734 96.57941314
268.9418029 25.51682487 105.5930091
269.1010133 402.3590203 1645.992824
270.1066965 402.3292397 321.2535465
270.9783863 27.40349005 199.1635186
271.1858586 275.777842 251.1686014
271.8910878 696.2863493 124.1637774
271.965322 26.79669767 132.8653714
272.167749 278.399126 179.3490762
272.9045889 21.14902612 288.4649833
273.8974808 695.5704706 168.3547445
273.9758123 21.87990251 179.1738851
274.9320681 24.88985276 218.3557409
275.1134435 133.3114712 265.5233165
275.8900429 701.9605875 301.0511412
276.1261021 44.81378026 124.1619458
276.6290218 365.6796427 332.3941441
276.9241482 23.58307567 97.0966518
277.0305733 157.1030952 14.46225714
277.6279957 365.6700529 136.219253
279.0428109 232.1569716 647.0080527
279.2141687 454.8851403 903.4824421
279.6441574 352.8030523 793.7786381
280.0258012 232.7897468 91.47073753
280.0830893 24.97096819 162.2711576
280.261423 399.7339483 245.9456102
280.6518469 373.30882 632.2701368
280.995581 35.15784825 220.6920716
281.1071924 129.6085221 196.3871233
281.8912719 695.9486672 93.62651703
282.0456999 34.46641917 114.1804614
282.2788629 418.9416465 3755.503524
282.9127766 694.9162687 114.4944071
283.0569288 36.41198774 769.4237039
283.1747698 141.1521563 682.0440104
283.111085 445.024824 2561.473656
283.2803244 418.2708193 937.3750989
283.8596644 695.5146116 97.74522259
284.2946724 440.0934937 1672.077095
284.9424556 23.54845191 154.4097722
284.9045473 694.3363533 149.5750446
285.1213308 444.6618205 1358.828576
286.197472 203.9918446 176.9568558
286.1287739 444.7595162 296.1797233
286.908777 706.4709298 230.8118653
286.9182924 25.54348678 245.0221694
288.2124855 227.1183655 144.9638719
288.2905894 304.7880563 769.893608
288.6292943 353.4521075 148.5157792
288.9228337 22.92945869 251.2025633
288.8903041 695.6386772 137.2194201
289.126096 150.4275006 125.632372
289.2954729 304.7880563 180.1588061
289.6388607 373.30882 249.4730919
290.6446725 397.1040022 301.4803719
290.920802 25.51911874 131.2544363
291.6433942 352.7876512 229.3554703
291.8815068 696.8774392 118.099162
291.9923294 32.00074684 189.6151082
293.0958837 184.2426451 454.4931649
293.1943623 150.4260782 192.127811
293.8678419 698.2614398 141.0919815
294.0817378 124.3640334 102.7193713
294.9379275 684.0155995 970.5759414
294.9399604 488.8497337 605.5034713
295.1254337 444.7595162 448.5037391
295.9820949 30.87341985 256.4893658
296.9818102 29.45353742 223.3332194
297.1353532 302.1877532 312.9929681
298.0078563 35.55217658 331.0534761
298.2788269 444.6148615 174.8991726
299.0265538 35.84312074 504.5241619
299.1757579 282.9626462 571.6239029
299.1400422 445.3187931 3224.583653
299.8986826 697.5057425 105.0992983
300.00646 34.4307397 141.0955691
300.1635202 279.7042503 749.2864531
300.1457597 445.3187931 710.6122479
300.8926984 696.8264877 157.5203031
302.0710658 188.5140896 138.6703477
302.9003575 695.5301621 178.4553791
303.8848341 702.6092316 241.4271887
304.2850616 309.2038589 555.0803572
304.8831681 698.1928075 160.1979553
305.1575146 141.1521563 1130.757524
305.2903519 309.1755475 116.094593
306.1577487 140.5152478 207.9162799
306.100599 444.6558771 405.2059101
306.878253 697.607396 71.18651316
306.973525 24.89486012 159.0754826
308.0375622 185.4372003 571.8957371
308.9635334 24.83109056 94.75077903
309.0568104 184.1349576 173.4452038
309.2728362 440.4613058 141.3184118
310.0546733 123.7229606 96.03050951
309.978787 28.81237879 73.0885616
310.1976636 222.5302498 124.0752265
310.3092558 443.364415 836.8569431
310.9840025 26.88061499 154.5691791
311.2937479 443.3985398 252.5390243
311.9550233 25.52006581 75.19830538
312.3231526 461.5494546 422.322957
312.8036146 24.24056234 297.6857925
313.1547583 174.5423942 1198.938942
313.2734989 420.8888416 4109.546773
313.9006934 696.2431681 179.2993047
314.1569961 174.5664446 269.4289375
314.2772541 420.8854252 994.9352442
314.232481 251.9994431 262.3482396
314.7866398 24.19056296 456.4302148
315.1947452 693.5851109 141.4445809
315.2756336 420.9070349 208.6770675
316.2004326 142.9295943 444.5830104
316.3205181 340.5859953 364.5930006
316.2448498 268.800866 222.3889704
316.784107 24.2156653 287.4148242
317.2702718 462.5303275 426.7725763
317.9915903 184.469652 71.58011681
318.964867 24.91828541 320.72293
319.188943 693.5951333 318.1660215
319.1382442 141.7989696 257.490685
319.9976632 26.19840594 64.58169358
320.9824723 24.91342951 167.714442
321.1307736 189.8305131 322.9703253
321.2892714 461.2244758 277.2676919
322.9979308 27.16082944 99.58619681
323.8978143 695.5863837 66.89222625
325.0274347 29.46769008 107.0993261
325.2168015 226.4793994 92.91572342
326.3767395 379.8281151 256.8003105
326.8787176 478.1132761 176.4843182
327.0267458 23.58843241 153.4864984
327.2007889 148.7957254 791.9571212
327.2879634 433.3958206 171.5602383
328.0197809 34.8970429 141.8186969
328.2101425 146.8648145 194.9353722
329.0019242 28.03542901 81.725322
331.0813082 21.55819125 214.7508545
331.2831516 421.4929199 1989.876457
332.2885561 421.5321559 512.065862
332.8420081 23.61453221 134.2454399
333.1595697 160.3511752 130.3708452
334.1206455 183.5119251 230.4425871
334.8589941 22.90706631 126.9097422
335.977831 25.59198456 83.53825614
336.8873837 22.89737312 55.54399361
337.1806754 694.247877 346.0615796
337.287299 421.4929199 128.1853365
338.342644 461.3621724 4643.726979
338.9943237 28.81237879 290.6489788
339.1799922 694.2060033 282.267288
339.3450944 461.3621724 1221.759651
339.9934487 29.83973957 149.0720045
340.3460479 462.1254545 260.8008191
340.9646997 25.19618327 119.1010422
341.3043425 445.2858894 4359.1898
341.8875337 696.1720367 137.4542743
342.3077332 445.2790102 1137.407982
342.8906841 21.813798 270.7892097
343.2893594 443.6545577 558.0656458
344.2249963 148.7957254 257.7281419
344.8672749 22.93249602 216.1988476
346.8558952 24.19056296 94.6801488
348.3043981 420.9261387 655.7755118
348.9399806 28.82297338 78.03676206
349.082046 183.5085538 290.7843504
349.1835742 148.1501142 1814.980111
349.2724473 452.9462853 473.7223692
350.086089 184.1269318 112.4116665
350.1346387 279.0690902 147.3410069
350.1768541 147.5438371 403.6518651
350.757438 420.8971097 120.4216361
352.0987384 156.4468752 110.7605982
352.9038117 21.16789998 530.9771827
353.2678069 421.5343542 11690.89749
354.2693887 421.5436848 2356.283121
354.9222775 23.55124617 224.7750503
355.2672913 420.8888416 512.696946
355.2856493 370.2602505 303.893171
357.0447609 35.12452331 163.6395474
357.3465279 281.0279341 96.09474745
358.3737537 381.7337438 81.10859829
358.6532851 418.2798086 148.7945407
358.9548702 24.9368548 61.37287163
359.3158299 445.9482394 3786.483621
360.3173812 445.9602033 981.5003634
360.9888699 28.24026071 142.4302894
361.298988 445.3563412 279.9735079
362.9292836 20.51402768 717.5160261
362.9252372 685.2514854 1134.915836
362.9277298 486.0574202 929.5732779
363.164821 150.1004059 209.2545237
364.9329686 23.61453221 109.7674931
365.283522 445.2832526 255.7404009
366.3654229 475.3014447 213.2384598
366.9433034 24.91828541 129.9036259
367.279322 434.4639854 412.5636305
368.1428534 417.6243306 208.0914183
368.923637 24.19056296 105.6455674
369.2397942 421.1774101 341.6946499
369.3515883 513.870258 1013.171096
370.2623607 693.5661405 211.9952746
370.3516321 513.6671466 347.3727205
370.7448363 23.59262239 187.6989206
371.2556746 694.247877 942.9839676
371.2266182 155.1365743 505.007512
372.260315 693.6441266 210.7778935
372.2377516 155.7875093 165.8209475
372.7425269 23.58307567 407.1807634
373.9778586 28.80178419 62.93162509
374.740498 23.58843241 331.6601123
376.3406118 445.8607758 2312.973236
376.9315775 24.88985276 198.0016673
377.3285417 445.9602033 732.8176474
378.3375492 445.4158612 186.6111217
378.9231156 24.22520894 195.6857462
379.2425421 694.6429234 225.9116074
380.2452163 694.3964741 334.3007446
380.2623041 329.0173901 166.2044078
380.9807754 28.79019684 150.5121349
381.2989503 445.8607758 12858.00832
382.3016067 445.4264242 3399.944729
383.1154391 24.24056234 1561.692304
383.300016 445.3109757 641.6901451
384.1152327 24.2783809 230.8386142
385.0981499 25.50236231 106.3072884
385.2715244 693.5761629 240.0204416
386.0535988 29.13586521 66.92353287
387.0253893 28.09175817 90.74448294
387.2018912 311.1299215 266.8393379
387.2661024 444.0957884 301.7512153
388.252909 155.1448129 439.6189908
388.7884029 444.4923652 86.85737739
389.1151007 24.88985276 289.5452092
389.2274472 152.0614694 113.9824687
390.1147093 406.0678661 89.57848294
390.7749059 22.90706631 156.5706171
391.2066717 178.925927 88.1322934
391.3006935 457.2452802 561.2148844
391.7625846 694.8808999 90.41703357
392.8145855 22.91417704 182.6963862
392.7945706 696.9052858 116.6934441
393.2087999 155.1365743 773.6125056
393.2979357 459.3452255 1572.79765
394.2080765 155.7291002 160.3821745
394.3035657 459.5541541 401.5583831
394.8359641 22.93249602 115.0495207
395.3303532 463.8658529 238.7411202
396.0442999 157.7523133 23.36303061
396.9781469 28.10722589 70.67806275
397.2755431 445.9482394 697.5317538
397.9947885 30.64995345 140.0566151
398.0479188 157.1030952 2695.01148
398.3238214 445.0284982 512.6404243
398.4001097 278.4244856 147.9373754
398.7701485 694.2307092 341.5481967
398.9513919 26.19840594 65.82277171
399.7718892 694.265413 297.4761472
400.3147495 368.2635743 178.3689529
400.3814949 397.7319329 174.4401572
400.7632387 694.8602927 121.6745097
400.8349345 21.81266475 263.211354
401.7451172 694.9335201 59.99895347
402.0342866 30.78135081 242.1401289
402.8297569 21.81266475 278.1476029
403.7536482 694.8548848 55.70653768
405.0784706 33.2842766 115.5909867
405.2954613 464.5601567 299.2850454
407.1858289 156.4571406 148.0392004
407.7582353 695.6160828 86.04190915
408.7755748 701.9434624 94.39729591
408.9525054 22.98932831 245.4691357
409.3261489 466.1580564 328.5364723
409.9508408 23.25732373 66.39670669
410.7611645 695.5891136 87.32577766
410.8810352 21.8067154 389.2365533
411.3524088 279.0474545 133.7491709
411.7654692 696.8982464 161.5388822
412.3221825 278.3853896 556.8407036
412.8814165 22.89860743 253.8922069
413.2687747 458.1381893 933.5047032
413.2774897 692.9681887 338.7323828
413.3567562 279.048294 985.4600739
414.301737 256.5876124 246.9729225
414.322352 286.0150117 764.1672425
415.0744013 30.1346443 148.6980246
415.2131576 314.3974119 1887.825509
415.2576453 161.0191146 265.2554666
415.3431851 436.9556829 509.0770161
415.305705 256.5933723 88.09206219
416.2173225 314.3344789 534.3868399
416.3745552 502.8955886 406.833512
417.0539846 29.99184488 76.33715437
418.1937161 66.56891982 174.5830139
419.0208923 29.35790402 71.80397836
419.3146543 473.6653394 556.7039553
419.2486876 123.691056 211.3433373
420.0652998 35.1685863 196.4604089
420.1647845 183.483726 170.9788505
420.892658 21.16331767 406.8733551
421.7703734 695.6270004 73.17755982
422.8987864 22.92945869 208.7396241
423.9772667 28.77850386 81.97259473
424.3350673 358.6802735 154.576821
424.9163981 23.87776141 158.9193234
425.2899253 693.7519886 197.6526574
426.3107254 694.2783797 504.5968349
426.3534361 374.2990898 323.3811005
426.9787565 28.14508664 100.813831
427.3030309 693.6235732 172.9582683
427.3589086 493.2877912 534.9715875
428.3591873 493.9501578 251.5718831
428.7421489 23.56289962 164.6641357
429.374713 516.4310403 18689.88389
430.2960058 257.7618749 693.6794864
430.3787249 516.3858506 8814.201367
430.9306952 21.17351837 681.2617602
430.9158807 685.3383301 624.2151223
431.2905809 257.867485 265.7612755
431.3790594 515.9114724 2038.774113
432.3120882 256.5534861 206.5382986
432.2792941 161.0152028 451.7542931
432.3886295 515.8302312 489.2632297
432.7031319 23.58634095 291.2945545
433.3147174 256.5534861 89.56583422
433.3652972 435.3954909 652.931446
434.2943992 694.3363533 191.1640653
434.902576 24.88965759 91.48698851
435.2848477 693.9542283 275.6461224
435.1571691 183.4968974 68.78981311
436.2922047 693.9664831 185.3271654
436.8916175 24.24090012 148.6025303
437.1953349 313.740997 1065.374788
437.3271746 442.0315991 414.4732058
437.2347499 161.0191146 662.670141
438.3376828 442.1054168 158.7265525
438.9130321 25.50006845 83.91239576
441.0544181 25.59198456 47.06394647
441.300267 473.4486893 618.6755701
441.9719478 28.82624528 93.81153775
442.9843966 29.39396483 101.2853128
444.9583612 26.17120539 95.33228579
446.0127381 30.71036325 162.371144
446.9962399 29.41466082 254.5540017
447.3837491 516.3858506 2843.548871
447.3471027 429.863765 1017.364757
448.3062975 257.8049595 654.8330884
448.3840165 516.4310403 885.2228125
448.7145301 23.56289962 77.34386475
449.0335743 28.14808733 75.93773876
449.1575563 279.6709439 441.6398077
449.3536207 439.5321447 679.3825851
450.3198277 290.615176 345.8791441
450.3212714 256.2284686 143.2620279
450.746855 22.99229964 69.67670367
451.3529319 433.1806466 321.8792926
452.3588932 515.8229867 172.5991061
452.9660226 26.19840594 72.16799267
453.7824642 694.9335201 131.3251837
453.7426349 149.4470411 92.96138183
454.2927864 364.3687716 282.2199059
454.9703424 27.78116214 76.0066602
455.3301282 436.3560112 551.8075647
456.0670918 157.7577988 144.4130948
456.3325289 435.7188074 156.8963858
457.0697904 157.7632843 61.83290441
457.1981772 123.0596383 122.3850205
458.0651793 157.7632843 27.49255497
458.4037553 399.0851987 489.5742963
459.0392624 29.42577494 121.464748
459.3078631 461.8748905 507.2078725
459.2758954 166.0416648 204.6698152
460.0907357 157.7523133 22.01520918
460.3972653 442.7920693 102.8981054
460.8120399 23.04406961 108.6412201
463.1695526 329.6745754 131.0303963
466.3167962 257.8761249 1218.373107
466.9556352 25.25342168 128.0354447
467.3147664 257.886926 383.6533642
468.3104382 330.6717546 172.7851086
468.8513402 22.92945869 125.2366566
469.3850872 431.1350149 1297.169886
470.3847196 430.4893851 383.4437929
470.8336046 21.80850449 107.055731
471.7314527 184.1352467 72.33964529
472.3045109 256.4875753 36.52649474
475.3469601 446.6252746 791.0540969
476.3065755 166.696079 428.2853891
476.3943614 441.4757404 210.793929
476.9393351 22.93809929 81.10029029
477.2688302 163.6181575 178.0639824
478.3263741 694.9328958 998.5890604
478.3016227 352.1590575 979.118818
478.8528987 21.16789998 135.6266109
479.3222515 694.247877 298.1564363
479.3032893 352.1590575 279.9410795
480.3210384 373.0313745 885.2546024
480.8521702 22.93249602 164.3723804
481.2618708 166.6967349 514.7974582
481.3232644 441.8099712 1100.145084
482.3257766 395.7625022 737.6825669
482.3550394 441.7346925 150.2202773
484.8429613 23.58634095 64.51960143
486.6975095 23.57725816 86.15397641
488.2963727 257.8421953 260.5985995
488.4197414 515.854283 286.688622
488.8934093 21.80315806 210.200311
490.6565445 23.58634095 236.8553942
491.37053 431.7838286 896.2581285
492.8560128 23.59262239 143.6912665
494.3256346 341.8858817 843.2309395
494.8441062 24.22520894 164.0518853
495.3231439 341.2634802 238.3721895
495.378298 440.1262073 367.6373747
496.3425213 365.6700529 20778.81457
496.8479721 24.24192771 85.8223778
497.344654 365.6748048 5928.445929
498.3471159 365.6748048 1381.541728
498.9002383 685.3493896 290.6950617
498.9358997 21.8067154 293.3506627
499.3482773 365.6780614 277.3459607
500.975162 26.14432714 65.61102
501.2661233 190.473132 65.05725196
502.3028126 693.9915088 597.4805598
502.2965393 350.8526729 742.6788241
503.3008133 171.8653521 151.7089329
503.4078362 433.7916774 808.7764513
504.3306453 693.625389 235.627639
504.3655633 461.9554071 662.3959326
505.3974437 459.9266926 549.8052062
506.3603408 694.295781 741.1533175
507.0069534 26.79669767 50.09779285
507.3328028 386.869878 667.3302426
507.3643347 693.9836509 288.6481664
507.3853815 456.6033761 235.0480036
508.3677273 382.9451051 640.4796243
508.6875452 22.94052966 72.69527852
510.3574943 379.1582448 596.8103096
510.7542859 162.9746621 521.5627263
511.3617876 450.0055397 375.8996561
511.7556032 162.9693676 115.6446386
512.969952 24.88961389 54.04784182
513.4159868 474.1427619 176.1944345
515.3865117 421.5436848 615.2242999
516.3852533 421.4643583 133.0767014
516.590725 278.4014316 84.86556013
517.3534904 480.9862624 713.5970064
518.3239623 365.6748048 1199.92495
518.7461027 21.95071845 80.06833662
519.3277896 365.0270784 381.384102
519.4029951 445.2901317 1294.654003
520.3424855 352.8030523 10198.86983
520.4075387 442.8023595 525.2489134
521.3449192 352.8030523 3177.301241
521.4225958 431.8567199 2223.165246
522.3581761 373.3302138 10052.8995
522.5896665 451.6218063 238.9370336
523.2814404 193.0916746 77.54919516
523.3609546 373.3302138 3184.408337
523.5636261 451.633715 233.8071535
524.3732048 396.4612024 8222.069767
525.2872649 171.9262037 396.5983306
525.3759922 395.8351998 2577.473334
525.3731527 440.7541475 410.2921366
526.2940164 350.1872514 406.544647
526.3783275 396.4141134 599.1884843
526.8298234 23.57609141 106.7336373
528.9986654 28.67075009 83.89474415
529.8735052 467.743964 137.6543952
531.28049 415.6521579 540.0399031
531.4039352 488.9782093 766.207791
532.2895776 414.5438585 180.3883331
535.0314069 24.83109056 100.3755359
535.4033678 470.2068756 220.224862
536.1782876 505.4043484 345.8603305
536.8208307 21.81266475 105.2992727
537.191407 505.5673851 198.7387986
537.4966689 551.0496863 343.0602665
538.1896327 505.3955137 151.582298
538.5046548 550.1978588 165.7374858
538.8183892 21.813798 103.465569
539.3179804 481.733161 608.72387
539.4032546 431.8567199 598.6864197
540.3216978 481.7581276 233.9888286
540.4541584 433.0901534 182.2886217
540.8218985 23.04406961 82.64524615
541.3921722 441.0479329 756.2306865
542.3225568 352.8023278 630.7602977
543.319551 352.8023278 221.7677578
543.4011277 450.9818511 619.0261435
544.3417447 352.7199886 2722.287804
544.9172134 21.813798 87.60164766
545.3443827 352.7981043 908.1325825
545.4194109 457.4982524 404.2542855
546.3564505 363.7060988 1727.033905
546.3653265 396.467784 1037.71267
546.8425984 21.16789998 160.9265407
547.4297296 451.089766 491.5641207
548.3933244 444.0289944 343.6497242
548.3696716 381.1401543 507.9990248
548.6187435 23.56658676 171.6143338
550.4041647 402.6626709 372.3390925
550.630246 459.1583566 514.6678989
551.3631614 388.1631847 656.5874176
551.5976462 459.0624729 263.3307187
552.8032446 23.92590611 101.0649051
553.2577781 416.3328708 453.5775605
553.3768644 489.0021987 991.7990884
554.2632551 416.0708984 189.9801846
554.8041306 24.2156653 75.91377528
556.909255 22.93091981 221.1625686
558.9365207 23.58948167 79.35553062
559.5077885 552.5299562 281.9271407
560.5003863 549.7499896 152.1849163
560.9361997 23.58190892 44.25888041
561.4107883 430.4893851 990.4385042
562.4080763 481.7842581 468.3992722
562.4146066 430.1801509 351.976759
563.4277855 438.1240076 618.0558777
564.439034 439.1580961 347.8505371
564.3569696 176.3016268 198.525147
565.3105476 171.2926066 117.6178095
565.4148636 442.3469073 345.0808652
565.5649953 605.3740443 241.163038
566.4304732 446.5944187 353.5234198
566.5697987 605.2823334 116.219432
566.8984883 20.53183482 339.0362674
566.8899925 685.9552814 283.0779923
567.3082558 198.7719824 52.65433312
567.4167743 446.5944187 349.3593993
568.3413086 352.1562127 822.8819502
568.4327661 446.6247325 604.551262
569.3114376 176.3286752 221.3375858
569.4061168 443.3640315 851.6069583
570.4011465 442.1026674 178.7550672
570.3525823 362.3591743 362.6556884
571.4239148 463.951773 320.530286
572.3708531 374.5445242 243.1652072
573.4383458 692.5001141 149.267242
573.8964066 466.8951035 171.8396336
575.4102883 481.7325791 1956.227208
576.3426945 414.5328556 280.3339508
576.4135418 482.2924 425.8366653
576.7287199 21.81780028 67.02274452
577.3454458 415.1804078 142.2209616
577.4857688 451.6363973 1282.199785
578.4873073 451.0022724 459.5815526
579.3608987 503.0171347 250.4304312
579.5158462 462.3332632 519.2675156
580.5215099 462.6489481 194.3216164
581.2420682 444.7595162 2478.291014
582.2474191 444.7373578 1203.731424
583.2665432 445.2901317 3415.623123
584.2698812 445.3187931 2620.965536
585.2763748 445.3563412 6384.354131
586.2800941 445.3563412 2399.556038
586.7438594 21.81636577 91.07780511
586.8218915 199.4380359 27.45250627
587.298281 445.281647 721.2657251
587.5461746 605.2885532 255.23624
588.546506 605.3897303 121.741358
588.745256 21.81493125 60.34993976
589.3311337 414.5413833 582.1206413
589.4439759 488.3231457 470.0091936
590.3292177 414.5548614 220.0495012
590.4265642 386.1825892 891.1047564
593.4653994 449.0281899 694.1816877
594.7951153 21.813798 101.1747588
595.3816031 386.8374335 607.5599499
595.4855159 452.9318561 1149.718387
595.5880645 552.5670666 158.1276189
596.4824023 457.8518986 521.1808767
596.5940062 551.9601134 72.16417921
596.7782566 21.81493125 141.3131393
597.4556852 457.526939 972.9109805
598.4471808 459.9129335 378.2846446
598.7586722 22.91780042 87.44916085
599.4582472 465.1399592 656.3337983
601.3505529 503.037095 252.485194
602.952449 22.37797622 62.09710064
603.2265893 444.7753494 1154.555723
603.4484594 477.3570135 525.8353685
603.7874777 163.6244889 1198.227723
604.2298821 445.2901317 477.7094882
604.8132097 21.8067154 145.1656189
604.7905533 163.6217221 293.3715279
605.2425316 445.4041653 339.204168
606.8094514 21.78298195 149.5708123
607.2795876 445.9468485 432.6698834
607.5690529 582.8542525 92.03395257
608.3811288 180.2151464 160.7756364
608.4706096 440.1686643 154.6779052
608.5746881 23.57027391 119.6702103
608.9356956 472.5837662 98.33290951
610.1888342 537.0239043 2171.181329
610.7642289 23.58307567 99.14651589
611.1900804 537.0562744 1332.665066
612.1895096 537.0562744 1014.599126
612.8298304 21.8067154 158.8910927
613.1991703 537.0827971 453.2415351
613.3372311 180.2250759 159.9609355
613.4022051 439.7945929 475.6463451
614.2011394 537.0562744 222.2258476
614.8270725 21.80407406 230.6011538
615.1777556 537.0239043 92.17125971
615.4590573 447.4862631 1324.54508
615.5943916 682.8842423 88.74352226
616.1805156 290.6212959 191.4951103
616.8411505 21.88425937 133.2063034
617.4761556 453.5764683 2726.594309
618.4728468 454.8851403 1118.935379
619.51098 463.1769191 1598.983368
619.7503631 197.4594763 734.6136692
620.5088662 463.2428267 566.4744711
620.7514809 197.4299301 203.1344597
621.3255342 454.8831149 386.6288566
622.3985463 446.2235076 162.4651658
623.607985 605.2187479 155.1924971
624.4218862 503.3487859 368.0121902
624.5951693 466.1821286 136.4118559
624.8516106 21.16331767 220.8376692
626.3546195 231.9924399 88.91523354
626.8485612 21.80315806 80.937945
627.384298 436.3571106 94.05125883
630.6092912 484.3405639 156.4097406
630.8508721 203.3416213 28.21021695
633.5126589 515.2001395 252.4215778
634.4518968 386.1545918 1004.886339
634.8881101 20.53183482 241.9675045
634.8780296 686.7334476 212.7813985
635.4523931 385.5535296 572.1337305
636.3188554 417.6213854 305.5791432
637.3089348 417.622858 20631.27085
637.4211806 503.6254168 624.9493769
637.963808 473.8875614 156.0555266
638.2138847 537.0746006 142.4705634
638.3128363 417.622858 8492.877834
638.4244245 503.6363168 321.7210105
638.7231857 197.4549677 236.1892503
639.3122193 417.6274667 1843.879829
639.4109056 385.5535296 705.1541597
640.3203068 417.6552116 519.4161598
640.4649138 468.6976781 283.4576362
641.4506315 466.5193859 435.2400463
642.4421671 465.7719066 265.8507728
643.3160357 454.6640151 448.6232076
644.3182603 454.2973055 209.1056027
644.7237313 22.4252801 71.99950073
645.2612319 445.2901317 800.7069145
646.2636507 445.3195031 324.5142005
647.4962054 450.4405717 311.5828572
647.5603394 582.7292577 133.2379797
648.6295988 484.5916131 203.4301259
649.6325852 484.5916131 78.50785636
650.4396762 407.3872915 124.2437659
650.6429163 623.761326 69.14438878
652.4880935 439.5131073 190.2127139
653.436065 478.061504 307.6082323
653.5058505 440.1686643 99.05882395
654.3353748 417.622858 3934.183962
654.7259245 21.80908657 101.7796127
655.3401681 417.622858 1661.640663
656.3430146 417.6243306 452.1617687
656.7247036 21.87726117 114.1536349
657.4516352 440.4580904 184.874626
659.2916478 417.622858 5623.02181
659.4893525 627.4436554 224.7562161
660.2955915 417.622858 2096.669425
661.3031748 417.6243306 517.225374
661.9504278 464.9399437 132.375378
662.7634355 21.8067154 128.6746224
663.2632898 188.5127274 119.6334666
663.4571884 547.475793 1386.99637
663.4297269 467.472134 414.8573684
664.4597714 547.3642336 656.5614146
664.7666079 21.8067154 118.2820768
665.4610068 547.558225 217.6682074
666.3164636 123.0638754 62.60014936
666.3945682 452.9444633 301.2544502
666.6195469 626.799552 241.0263002
666.7416527 22.92130997 82.34801758
666.9728695 484.4057424 105.873361
667.5627032 421.5633099 195.6524728
668.727235 23.56658676 92.73820059
669.3349031 422.8940399 3362.846643
670.338182 423.4865176 1271.853447
670.5200598 479.4276118 686.3922448
670.7292537 23.53679846 132.0630334
671.3495185 422.8531797 433.2960915
671.527928 479.4276118 351.8192383
672.7607366 21.81636577 171.9549149
673.5143585 453.7614811 467.2808944
674.519914 453.6122481 247.0226524
674.8247743 21.88425937 158.7786911
675.2699868 418.2780816 218.5857419
675.421456 477.9579282 641.2115914
675.8120289 164.7335573 336.274793
676.4297267 477.8916642 309.7366659
676.8580636 23.56075082 69.03566099
678.4799585 385.5355262 924.7944232
679.3910191 453.6015244 530.7796525
679.4785515 384.9351368 650.9667772
680.3814627 454.2252494 209.1124405
680.4790819 547.4580172 433.0966085
680.8942995 21.17822495 96.86193785
681.4808989 547.3956822 221.5643833
681.474883 496.677445 528.9046751
682.3657934 418.2705089 846.800903
682.5103769 498.0555304 289.1104345
682.8215205 21.16789998 199.5162422
683.4337207 384.9045057 661.1536175
683.5366067 421.5436848 3341.025572
683.9620663 463.8525368 106.5612911
684.2066811 581.4287796 1620.737727
684.5495273 421.5237381 1374.05681
684.7904533 21.17351837 106.1765436
685.2080699 581.3887034 1076.389355
685.4387318 547.423801 1204.966263
685.5474983 420.9372227 419.8114498
686.20582 581.4871632 884.3564024
686.4419027 547.4855752 594.049121
686.3746951 418.943432 875.4334653
687.2102803 581.4186969 436.1418346
687.3589992 420.9150547 375.5777042
687.4255784 547.668215 162.694253
687.5149318 463.8305867 367.4583654
688.2105092 581.4197926 205.3362587
688.5137288 463.2973651 210.5742332
689.5228897 422.1122778 292.5228609
690.529958 422.1751775 348.9885493
691.3159544 420.2492207 2423.836531
691.4105557 478.0304481 315.6443754
692.3198745 420.2566633 974.4871509
692.8418011 21.1611917 212.5401996
693.3265961 420.9025287 268.1977262
694.4894205 547.3993669 116.0265925
694.8257235 21.17540024 92.58059315
695.365844 417.3019175 1334.915562
696.3936367 417.6213854 509.4885239
697.3610663 417.6306028 291.6294644
698.5019947 494.5339874 2166.395825
698.7806287 192.4265311 392.6012139
699.5053885 495.3122308 1184.518164
699.7878644 192.437118 141.1627174
700.5467502 499.3523926 467.5454734
701.3991545 547.39051 121.59458
702.8741161 20.51402768 259.2377013
703.4589088 496.6282589 1157.835469
703.5775633 444.2452045 5549.476174
704.4902534 497.9490062 724.3840508
704.5806726 444.2869138 2547.270399
705.5152178 666.3170124 2688.115205
705.5853906 444.7753494 878.4972591
706.5381777 523.04918 483.7184306
706.5100875 666.5386684 1250.027674
707.5414344 523.0447823 198.5985479
708.5122818 547.3975246 1085.906794
709.5137385 547.3642336 533.7081526
710.5076464 547.273577 136.8054
711.4935958 478.0304481 1240.23337
712.2394632 581.6453199 170.781964
712.5040852 478.7402791 630.7709971
713.2457255 581.6053912 133.9132083
713.5088505 478.7053478 276.5341429
714.2414076 581.3573579 88.11692517
714.4005483 420.198122 521.8985935
715.4105997 420.2723249 266.5984943
715.5501608 582.7386438 143.7302893
717.5959117 446.3237421 384.1239251
718.578693 555.2411075 409.5693887
719.433959 496.9508291 558.5596347
720.4352756 496.6618854 256.7480783
720.5919418 638.4088269 220.026553
720.7205836 21.80434423 64.54047887
721.5100551 547.4855752 2009.007554
722.5107851 547.4219586 1023.378109
722.525372 665.2967173 1136.807427
722.5695052 499.8418995 140.0522926
722.7228068 21.81087566 89.34126641
723.526442 546.6223262 714.5656127
723.6385838 445.4158612 223.749111
724.5320024 543.031432 639.7558314
724.6472417 445.4158612 117.6845579
726.5313886 496.5678474 1758.0514
727.3868215 420.5858481 874.6191485
727.4861023 665.5221703 3483.034947
727.5323646 496.5610005 911.7535343
728.3944268 420.5858481 452.4515089
728.488903 665.5302946 1744.171267
728.7059756 22.93755833 80.0503725
729.4857577 666.0236168 477.4390483
730.5408782 503.5674714 1060.717816
730.7374039 22.89860743 110.6292723
731.5466433 503.8958634 509.9128744
731.6085746 445.3673272 784.7771556
731.6105858 692.9392498 507.5553345
732.55691 522.7607621 6631.746189
732.7328786 21.80908657 132.948246
733.3279863 166.6954247 1113.612913
733.5605852 522.5171078 2964.794248
734.5716746 567.5021965 1577.957249
734.5642246 521.1875492 711.3106646
734.6303908 446.5888162 588.8150665
735.5763422 568.0332734 539.017517
735.6614226 446.3293446 181.792615
739.5278294 496.6282589 2975.988564
739.6096996 445.3563412 6048.323765
740.5316857 496.6282589 1578.090559
740.6095336 445.3195031 3025.137594
740.7693665 21.8067154 114.4343763
741.5332794 497.2584928 517.8776207
741.5954973 445.6166654 945.5989468
742.5729419 545.3728901 3932.646908
742.7700191 21.18104966 97.59088847
743.5802934 545.5304436 1823.987676
744.5910062 555.1890839 3248.01753
745.5978211 554.5913598 1426.30024
746.077387 445.9421631 157.8900424
746.5790839 552.2488603 1627.1951
746.6067373 628.4543673 1945.761557
747.0692335 445.7963436 80.90682844
747.5830474 551.3255649 555.4761671
747.612035 628.4543673 944.1783884
748.8674243 21.165774 84.03509013
749.3826842 169.299739 141.2712587
750.5609049 667.3392958 3138.378172
750.8117715 21.16789998 151.0153921
751.5640045 667.2987703 1685.061586
752.5198375 502.926431 306.9013873
752.5635161 667.8258956 534.4665131
752.8035431 21.47730922 84.55569356
753.511489 501.8167752 137.014737
754.5372234 522.3172051 1849.071308
755.5402055 521.6689739 622.3786117
756.5558974 508.3536363 5338.945208
757.5607129 507.4910216 2365.072222
758.2260153 665.0631679 879.7653183
758.5732414 525.8909878 148690.7247
759.2276984 664.9111621 658.6490583
759.5760533 525.6404713 72718.65869
760.2256722 664.9478399 579.4549301
760.5895892 562.5609794 52501.1336
760.5797884 522.2341921 17053.45162
761.3528368 525.8253871 2050.971524
761.5926341 562.5609794 23100.98548
762.5966816 562.1562209 6493.059387
763.5573025 668.5785295 6037.805813
763.6152035 561.4829562 718.2384475
764.5584354 669.157689 3161.085098
764.5472044 544.0701872 1044.199779
765.5557793 669.3095328 695.9999417
766.5743597 519.9579766 4439.71098
767.5752037 520.162566 2217.935412
768.5922442 539.1920724 8985.149181
769.5969651 538.8663959 4291.10865
770.6088097 550.0855068 2540.139226
770.8640371 20.51402768 190.7100297
771.49317 384.8863412 484.3737344
771.628259 552.6337625 503.9800269
772.5897189 551.4438006 2727.246911
773.5952082 551.0612543 859.4286799
774.6067844 615.0985665 832.3478512
775.6190254 612.9444705 117.2568215
777.5662115 688.3996165 351.0835746
778.5335776 506.8744254 1374.014443
779.5315334 506.2241749 569.4593354
780.5571136 526.4744806 40132.60103
781.5591774 526.1928112 18913.58269
782.444716 23.58529168 253.7746342
782.5735237 516.4555515 59208.26189
782.5707402 564.3859442 20316.14456
783.5772371 515.806026 28304.86399
783.5743921 563.7329337 9551.925252
784.5895085 532.2621066 43904.63563
785.5957916 533.0209437 20394.65602
786.6068654 572.5441936 70694.29968
787.6105225 572.4427324 34886.31087
788.6156445 572.8885649 9454.354609
788.6198606 648.6575264 9120.437926
789.3592482 572.4489791 640.5711037
789.6265309 649.6663841 3620.987878
790.5768366 538.5791902 1622.857875
791.5770017 539.0326499 285.8582597
792.5838095 518.3829071 2142.870503
793.5771704 520.4118759 1056.714966
794.6053848 537.5622231 8962.921127
795.6144395 537.3489112 3994.429215
796.5502132 528.0406852 3713.380014
796.6196611 594.303957 2763.074299
797.538474 525.5777815 787.3086349
797.6309995 595.0161046 1116.965777
798.5592938 560.3853333 889.8453396
799.2532275 664.9111621 380.0254074
799.5457596 559.8998309 81.57630451
800.2540498 665.2777393 295.6835361
801.2531998 664.9478399 272.4724151
802.247461 664.8729435 148.5409095
802.5346566 497.9573903 890.1156653
803.5344312 498.2337498 409.0958116
804.5541346 516.1049385 16126.79212
805.5579994 516.1049385 7978.726817
806.5708392 508.2832218 37944.16336
807.5760622 506.5890662 18185.63785
808.58744 516.2618414 15825.02035
808.5865757 572.4403042 26534.81357
809.5921279 516.4310403 6610.377137
809.5897102 572.4514073 12473.25312
810.6039405 552.7206424 34513.39001
811.6163877 552.0988797 18094.55864
811.6638957 447.2562645 1223.482568
812.6234526 593.0681487 12957.95938
813.685542 446.5967682 4485.408335
813.638432 592.0146014 6815.996931
814.6872235 446.5150223 2360.083676
814.6367999 592.2593134 1343.31274
815.5158937 384.8195424 368.9441128
815.6990929 445.9445612 1897.808434
816.6211424 529.284938 8537.993356
817.6243391 529.8291832 3760.893548
818.6392154 562.8610632 3244.496208
819.6447086 562.5609794 1265.987707
820.5316681 516.0027184 1256.214727
820.6187547 557.0121148 1858.830698
821.5383111 512.7518322 410.2690775
822.5384462 532.7109103 827.7944696
823.5283937 531.8077683 135.8211135
824.5565018 572.5621384 1278.064866
824.6755003 682.6819582 451.7437839
825.5506387 571.7947112 371.7770182
828.5546977 506.2805086 6884.242741
829.5568054 506.3000075 3457.925547
830.5688157 516.2618414 5253.898307
831.5723832 516.9145121 2090.592732
832.5856254 552.5446152 12419.2319
833.5931045 552.5446152 6299.335295
834.603759 541.7453279 11020.76381
835.6145172 540.1293971 5144.362752
836.6200057 551.0814966 3751.10842
837.6285088 551.29595 1252.458054
838.6372461 606.6141684 996.6783036
838.8406315 20.52260815 142.1789976
839.6474852 606.6871441 394.9875685
840.6247469 519.704477 1927.98762
841.6308514 519.0144427 805.4478407
842.6431025 534.2564072 2578.234431
843.6522228 534.9919902 995.7420554
844.5193186 504.3525247 279.2324452
844.6589291 571.7921866 5926.252741
845.665117 572.0868198 2625.764031
846.5280909 506.8411418 380.6225346
846.6722675 572.4120632 591.3031367
846.7579481 657.5225879 2269.590695
847.7641022 657.5225879 1306.020097
848.541168 527.9766794 3786.517772
849.5431944 527.9575839 1427.068717
61.00849771 694.9328958 1215.899089
62.9822149 26.85894121 225.2597654
66.11991016 279.0474545 122.4864877
69.07002887 41.6330186 205.334834
70.01377731 695.5877486 1545.175233
70.0615849 24.9353421 864.3262274
70.9725703 699.2992618 179.2185215
72.08034542 28.79019684 2932.236341
73.52984741 694.9328958 323.1775575
73.51424539 19.26604801 93.73359152
77.04762531 35.16327883 65.7916055
77.99402176 699.922519 130.3019486
79.01673617 696.892138 813.1861317
80.94871381 23.58307567 5262.979478
81.51921987 695.5877486 7130.691428
82.0141838 18.57320598 601.7013778
82.53496663 694.9840552 746.1464644
82.95476903 22.93249602 1909.156086
83.51940157 695.2919418 226.6575461
84.08045207 28.1697028 422.7807999
84.98393431 694.295781 2921.680558
86.09601734 43.59391897 11853.96735
87.08993814 42.97419527 917.2983325
88.50496513 698.2401496 238.6558517
89.50515666 699.2460887 3151.95525
90.05257592 26.19824479 167.2971399
90.50891779 695.6386772 6566.994824
90.97858574 20.60608363 3058.995094
90.97686356 484.7439724 5351.857152
91.50351385 695.5672357 2573.109326
92.50090176 695.5704706 428.7088814
93.07397407 71.75997994 70.85644823
94.04647713 694.8828919 518.1879406
94.06708972 23.92435972 325.0777626
94.97581584 704.5587697 425.5286585
96.96236072 705.5030357 6628.962934
96.92122736 22.92945869 439.3931328
98.51095724 700.3466866 4617.738737
98.96970526 30.0375735 736.203651
99.51166927 695.9426036 13516.44077
100.0756781 71.14275683 257.6551752
100.5095608 695.6386772 5564.086984
101.2288562 696.202075 178.110504
102.0426817 695.6386772 3825.746054
102.904319 696.8484337 134.6294267
103.0524849 71.6888968 450.7104604
104.0820626 26.89615301 2007.027191
105.0258461 28.47733031 536.6409896
105.0384568 141.8105253 254.9803826
107.0849141 190.471579 163.5472474
107.0337807 71.10096716 298.0610587
107.9673251 680.8519129 709.0511877
110.0168422 698.1970426 2147.911555
110.009497 19.21190093 967.7617148
111.0266702 694.9468046 7289.656902
112.0120406 696.2431681 3303.052831
112.8831058 21.81266475 38.06859686
112.9765714 698.2401496 1381.304445
113.9657707 702.5328757 10741.06894
114.0667668 25.51911874 559.0325097
114.9714398 704.5587697 2359.379474
115.0791606 24.97096819 75.93031195
115.9678163 697.8843816 3144.446427
116.0684591 25.5391161 1604.654376
116.9697644 699.9158458 257.871645
117.0422541 23.61453221 135.9488677
117.9451591 701.9517726 2012.802591
118.086559 26.54413754 5058.691732
119.0845257 314.7129931 935.3270688
119.0635135 31.82935906 944.0783003
119.9618359 698.1499526 144.5974307
120.081303 71.73931635 15696.28166
119.9978054 21.80407406 162.1603958
121.0843357 71.52503111 1805.588288
121.8873792 71.32818514 182.1788639
122.0178798 22.99229964 530.9349579
122.5452621 696.2453307 131.8562645
123.0444656 35.06770639 1430.110269
124.9571013 705.1884111 1076.879473
125.9914077 695.5877486 7367.647357
126.9807653 699.4421316 840.3031438
128.0737932 184.2426451 355.3499689
127.9841957 698.2959445 375.8945477
128.9520709 703.90047 5574.656996
129.0673321 26.14446868 267.6743203
129.0579594 190.4619411 124.2313322
130.0592593 28.1557209 1786.486311
129.9900399 701.8825543 557.1662541
130.9665213 701.9619949 1355.702332
131.0451786 71.73931635 575.9589499
131.9538733 699.3848987 928.2950754
132.0985633 43.57464982 3860.725684
133.0502297 32.65358472 1945.650754
133.9336056 696.2431681 849.2256779
134.0965418 152.0630084 2255.530993
134.0959185 24.85727859 576.5379497
135.0179152 25.86667623 320.0427174
135.0801057 191.1291246 247.1574231
135.0814884 315.0460501 435.1831194
135.9409567 697.551465 584.0075668
136.0747745 35.11493818 4007.20456
136.1009433 123.7110099 504.1989337
137.058423 31.36433222 1060.42927
137.039828 63.63489196 382.7637095
137.1084769 123.7108122 402.2077742
137.9740252 699.9909002 380.946102
138.0364311 22.92945869 458.0340826
138.9306037 24.52314497 502.1010207
138.9781695 696.8966506 451.3476493
139.9929391 694.9840552 2727.886917
140.069954 23.04406961 384.881391
140.9028402 23.96090153 264.6897029
141.0327664 692.9681887 2674.813732
141.9617372 702.583456 6566.167403
142.9358705 28.13745307 239.3832892
142.9768942 699.2992618 2020.023395
143.9601471 694.9335201 4471.426326
144.1012598 25.58849361 2800.473653
145.0819855 27.42652453 319.2038933
145.9336423 705.2007437 11787.84893
146.0607714 125.003207 1302.698204
146.1066673 26.79669767 141.0525717
146.930087 706.5504391 582.8857995
147.0873147 123.7280644 279.7490564
147.0533791 33.78309608 1111.59588
148.1040495 123.7152671 683.7912097
148.9172785 21.81493125 143.5048155
149.061046 71.17206722 607.7021908
149.068937 123.7195242 1414.294092
150.0845982 123.7152671 4695.956413
150.052635 30.68981259 1371.142868
151.0918599 123.7152671 2631.088768
151.0177557 694.247877 194.6127112
151.0300542 21.80823432 350.5853976
152.0198827 27.3824743 334.7943187
153.0288749 30.0587285 213.551403
153.9674353 697.6492826 160.2909875
154.9852985 700.6052753 818.1762494
155.1060306 169.6730757 336.8025733
155.9778292 701.6670875 231.2355109
156.0704745 24.23953475 247.8145402
156.9740013 701.9138179 1246.264884
158.0959031 34.48599385 106.7303162
158.0995749 136.5677508 69.65212821
158.962537 703.8676478 14488.50434
159.0918703 152.7075967 500.1669076
159.084561 232.1558075 187.896325
159.0794107 26.19824479 110.2530131
159.9641638 704.4845437 1392.152447
160.1205404 26.83627208 142.9965848
160.217499 279.0462923 147.2116284
160.96182 702.5615918 588.8435131
161.0088727 36.45425435 466.3549603
161.9623986 697.8675492 221.0232529
162.1119981 24.88965759 2149.400926
163.1155904 123.7152671 868.5969131
163.943675 707.1187776 826.5827787
164.121278 123.7152671 963.5172591
165.053854 35.12452331 5320.392278
166.0867636 71.76745247 5674.457767
166.0144633 184.1295636 152.9630044
165.9808786 696.1720367 157.0209095
167.019041 694.2307092 512.3626986
167.0849607 71.76584031 746.0193365
169.0378781 28.81237879 2759.318998
169.0592007 189.8227403 87.06377792
170.02924 29.36043149 458.895142
169.978639 701.9347688 194.1496584
170.9822278 27.36739738 610.4733903
172.0452507 182.9324835 292.9495345
172.9660793 697.5645552 776.3276018
174.085961 124.3640334 390.9590464
174.9562209 695.5909214 953.176707
175.0962988 25.47180187 441.613282
176.1186925 152.0600246 148506.4603
176.9583091 697.5418588 762.4831538
177.1216171 152.0600246 20704.64212
178.1207871 152.3948088 1703.657574
178.9546835 696.3599358 159.0007129
179.0638364 152.3542594 523.8429431
179.0251804 32.27933917 165.7588416
179.9503536 152.708779 100.6632814
181.0240454 37.0587327 374.7979408
182.0805548 35.13314092 3430.785777
182.9649176 697.5241745 2245.967323
183.0854163 35.13314092 482.648323
184.0564021 694.2796843 705.8621378
184.9796287 696.2431681 3414.440624
185.1151626 420.8888416 358.2213624
185.1247759 123.7229928 81.60542131
185.9883289 695.5718356 276.0551391
186.9582595 703.90047 18230.51494
187.0639434 25.49777459 204.5825813
187.9611726 703.9036773 1577.236711
188.0709659 125.0117535 9849.901567
188.9661241 701.2413038 442.0837355
189.0729258 125.003207 1444.103759
190.0059482 421.5597849 688.4555571
190.0821981 124.0429682 905.1939156
190.9304501 702.6165249 328.8971338
191.090279 123.7152671 17243.3261
191.0367193 24.24192771 1374.70662
191.6125429 391.3741599 101.7973019
191.9943129 421.5414865 290.3124097
192.0962118 123.7152671 59934.0745
192.1638188 30.1364174 411.2303799
193.1017115 123.7152671 33469.47321
194.0067252 694.2796843 808.3816532
194.1053331 123.7108122 4617.577297
195.0984267 21.8067154 609.8557904
195.0960304 123.7229928 1100.815114
195.9136763 707.8011477 2016.981012
196.3414349 123.6948813 60.49348726
196.8717918 23.58529168 1090.081999
196.9164163 707.1388421 207.9618122
197.9152776 704.5404513 214.8128915
198.0706691 26.24499168 126.0399434
198.8717287 23.58529168 1071.255985
200.0305901 23.57462029 199.169003
200.9027821 25.50006845 487.2589312
201.0740341 129.5917992 4574.010666
201.9690832 696.5863378 164.4761858
202.0768262 130.2464817 420.7414421
201.9995341 35.14923063 202.6455153
203.052129 24.30075544 11492.24414
204.1047927 29.38072536 2950.239815
204.1839842 279.0158748 131.6336524
204.9618541 703.1627103 271.3524238
205.0613856 27.79099927 665.5976681
205.0972563 124.3722676 1428.686759
205.6246985 420.8935562 131.6434713
205.9869931 32.67433628 572.3670862
206.1001816 124.3844507 261.6552388
206.9223494 23.58307567 684.9303434
207.0529188 184.1364832 532.4845331
208.1263646 35.19872421 470.5932066
208.9448062 703.2513031 724.0633945
209.0730751 24.84865839 1732.838081
209.1226845 123.7152671 1189.019123
209.9464339 699.3848987 171.4350721
210.1293372 123.7152671 15238.33515
211.1321884 123.7152671 2583.468349
211.9471111 695.604406 194.6151207
212.1231897 123.3870615 416.93969
212.9835958 29.41466082 151.2408079
213.9253131 703.5885309 213.0586333
213.9984149 26.14446868 130.8504999
214.9195469 694.2783797 542.300549
215.0147201 31.39379745 1304.696139
216.0263999 32.00074684 302.5814723
216.9275945 21.8067154 1700.225634
217.1046719 119.3366781 1099.475466
218.0903223 46.68783962 666.0228049
218.9275742 706.4334345 498.9750848
219.0345111 30.45544666 8396.335189
219.9112303 703.8895744 102.1512689
220.0466535 30.13950152 723.2018069
220.9358683 278.7136197 122.3913554
221.0215087 28.77850386 353.1058203
221.9903707 36.3855633 280.5596924
222.1225473 173.2140604 1240.720252
222.9395956 30.84540182 272.0354837
223.07364 178.9304607 447.1186193
223.9754896 696.1866142 135.7886934
225.029097 23.57609141 211.365794
225.0583083 183.4816859 155.2120484
226.1061511 693.6876094 157.5017559
226.6239162 256.5933723 15.81437224
226.9525284 684.0820143 3549.877714
226.953045 20.51973504 2374.988462
226.9526672 485.7267644 2868.449743
227.0843351 314.4174362 406.0633257
227.9571741 22.92491115 157.0275633
229.1529498 34.47469823 22.28910019
230.903977 696.1805506 309.8160146
232.1253946 122.0639439 464.4372382
232.913603 21.81636577 254.8012683
232.8955518 694.2783797 300.7911747
234.0037521 183.4968974 128.0153282
233.9790962 31.11805134 130.7343443
234.9740083 697.4773631 457.3596931
234.9688724 26.87721733 335.7663411
235.6304853 256.5876124 22.69018691
236.9394239 706.4979962 2909.79796
237.0035333 30.64995345 225.5457947
237.9342025 705.8663292 401.7903943
238.9382169 704.5839379 233.3349964
239.1853832 279.048294 407.9551795
239.1476112 132.6702617 319.3897805
239.090083 179.555278 277.5853074
239.2343811 420.8888416 1076.320062
240.0070172 184.1106689 98.63968403
240.2281 420.9110448 281.4314952
241.0226182 30.0375735 1222.474242
241.8932981 699.9887074 138.0296913
242.0070522 29.09308357 130.5259807
242.9214145 688.3725526 320.4681884
242.9460123 22.36955512 225.8119231
243.9174477 692.2547447 318.2143702
244.2651511 307.1977909 282.9522622
245.8864935 704.5624098 179.5639114
246.1579854 145.5480478 139.0533674
247.8928546 702.5519695 248.8201607
247.9542623 22.36604558 137.501059
248.986776 26.16438773 162.5096857
249.9842301 25.50236231 78.37224673
250.170472 266.1892108 135.4019378
250.9336892 696.1805506 174.1517713
250.9794334 26.95784786 124.7788716
252.631227 257.867485 286.1833598
252.9755373 694.9328958 524.3923714
253.8486601 699.2460887 104.8177405
254.828421 23.58307567 744.1126324
254.9912079 694.9167102 249.9346565
255.1575326 278.4014316 293.8473594
255.888099 696.1986016 143.4268964
255.9637986 22.92945869 92.55054943
256.2636516 411.9368349 887.92483
256.8253312 23.58412494 950.6642184
256.9237645 696.8982464 127.2525075
257.0940835 234.1118852 245.3204002
257.2545006 415.4216705 320.8725577
257.8937419 695.5877486 81.79491842
258.0090578 21.82622138 267.849187
258.8305498 23.58190892 512.2292397
258.8870431 702.583456 445.1318626
260.1385841 148.1777268 285.1398721
260.147064 693.5775693 202.4185086
260.8907813 700.6366136 139.4435597
261.0096736 24.88985276 267.910223
261.1323483 132.6683899 1112.453849
261.8902516 696.9780334 104.0479629
262.126716 132.6766988 170.1239357
262.0713905 31.4017346 103.381621
262.8604104 703.888827 412.9065322
262.9963453 26.20250927 329.8422744
263.8728663 702.5615929 212.875844
264.928724 25.19369424 244.4869876
265.1188354 146.1889328 98.60488606
265.2539683 419.5906917 440.9778901
265.8732971 699.9887074 128.0762046
266.6348914 341.9010914 77.6342512
267.0573342 29.71789475 217.4670475
267.2664298 445.2966451 717.7940541
267.6445761 365.6592502 1050.158575
268.02086 184.1712408 225.141156
268.258415 445.4041653 222.6991482
268.6450942 365.6812734 96.57941314
268.9418029 25.51682487 105.5930091
269.1010133 402.3590203 1645.992824
270.1066965 402.3292397 321.2535465
270.9783863 27.40349005 199.1635186
271.1858586 275.777842 251.1686014
271.8910878 696.2863493 124.1637774
271.965322 26.79669767 132.8653714
272.167749 278.399126 179.3490762
272.9045889 21.14902612 288.4649833
273.8974808 695.5704706 168.3547445
273.9758123 21.87990251 179.1738851
274.9320681 24.88985276 218.3557409
275.1134435 133.3114712 265.5233165
275.8900429 701.9605875 301.0511412
276.1261021 44.81378026 124.1619458
276.6290218 365.6796427 332.3941441
276.9241482 23.58307567 97.0966518
277.0305733 157.1030952 14.46225714
277.6279957 365.6700529 136.219253
279.0428109 232.1569716 647.0080527
279.2141687 454.8851403 903.4824421
279.6441574 352.8030523 793.7786381
280.0258012 232.7897468 91.47073753
280.0830893 24.97096819 162.2711576
280.261423 399.7339483 245.9456102
280.6518469 373.30882 632.2701368
280.995581 35.15784825 220.6920716
281.1071924 129.6085221 196.3871233
281.8912719 695.9486672 93.62651703
282.0456999 34.46641917 114.1804614
282.2788629 418.9416465 3755.503524
282.9127766 694.9162687 114.4944071
283.0569288 36.41198774 769.4237039
283.1747698 141.1521563 682.0440104
283.111085 445.024824 2561.473656
283.2803244 418.2708193 937.3750989
283.8596644 695.5146116 97.74522259
284.2946724 440.0934937 1672.077095
284.9424556 23.54845191 154.4097722
284.9045473 694.3363533 149.5750446
285.1213308 444.6618205 1358.828576
286.197472 203.9918446 176.9568558
286.1287739 444.7595162 296.1797233
286.908777 706.4709298 230.8118653
286.9182924 25.54348678 245.0221694
288.2124855 227.1183655 144.9638719
288.2905894 304.7880563 769.893608
288.6292943 353.4521075 148.5157792
288.9228337 22.92945869 251.2025633
288.8903041 695.6386772 137.2194201
289.126096 150.4275006 125.632372
289.2954729 304.7880563 180.1588061
289.6388607 373.30882 249.4730919
290.6446725 397.1040022 301.4803719
290.920802 25.51911874 131.2544363
291.6433942 352.7876512 229.3554703
291.8815068 696.8774392 118.099162
291.9923294 32.00074684 189.6151082
293.0958837 184.2426451 454.4931649
293.1943623 150.4260782 192.127811
293.8678419 698.2614398 141.0919815
294.0817378 124.3640334 102.7193713
294.9379275 684.0155995 970.5759414
294.9399604 488.8497337 605.5034713
295.1254337 444.7595162 448.5037391
295.9820949 30.87341985 256.4893658
296.9818102 29.45353742 223.3332194
297.1353532 302.1877532 312.9929681
298.0078563 35.55217658 331.0534761
298.2788269 444.6148615 174.8991726
299.0265538 35.84312074 504.5241619
299.1757579 282.9626462 571.6239029
299.1400422 445.3187931 3224.583653
299.8986826 697.5057425 105.0992983
300.00646 34.4307397 141.0955691
300.1635202 279.7042503 749.2864531
300.1457597 445.3187931 710.6122479
300.8926984 696.8264877 157.5203031
302.0710658 188.5140896 138.6703477
302.9003575 695.5301621 178.4553791
303.8848341 702.6092316 241.4271887
304.2850616 309.2038589 555.0803572
304.8831681 698.1928075 160.1979553
305.1575146 141.1521563 1130.757524
305.2903519 309.1755475 116.094593
306.1577487 140.5152478 207.9162799
306.100599 444.6558771 405.2059101
306.878253 697.607396 71.18651316
306.973525 24.89486012 159.0754826
308.0375622 185.4372003 571.8957371
308.9635334 24.83109056 94.75077903
309.0568104 184.1349576 173.4452038
309.2728362 440.4613058 141.3184118
310.0546733 123.7229606 96.03050951
309.978787 28.81237879 73.0885616
310.1976636 222.5302498 124.0752265
310.3092558 443.364415 836.8569431
310.9840025 26.88061499 154.5691791
311.2937479 443.3985398 252.5390243
311.9550233 25.52006581 75.19830538
312.3231526 461.5494546 422.322957
312.8036146 24.24056234 297.6857925
313.1547583 174.5423942 1198.938942
313.2734989 420.8888416 4109.546773
313.9006934 696.2431681 179.2993047
314.1569961 174.5664446 269.4289375
314.2772541 420.8854252 994.9352442
314.232481 251.9994431 262.3482396
314.7866398 24.19056296 456.4302148
315.1947452 693.5851109 141.4445809
315.2756336 420.9070349 208.6770675
316.2004326 142.9295943 444.5830104
316.3205181 340.5859953 364.5930006
316.2448498 268.800866 222.3889704
316.784107 24.2156653 287.4148242
317.2702718 462.5303275 426.7725763
317.9915903 184.469652 71.58011681
318.964867 24.91828541 320.72293
319.188943 693.5951333 318.1660215
319.1382442 141.7989696 257.490685
319.9976632 26.19840594 64.58169358
320.9824723 24.91342951 167.714442
321.1307736 189.8305131 322.9703253
321.2892714 461.2244758 277.2676919
322.9979308 27.16082944 99.58619681
323.8978143 695.5863837 66.89222625
325.0274347 29.46769008 107.0993261
325.2168015 226.4793994 92.91572342
326.3767395 379.8281151 256.8003105
326.8787176 478.1132761 176.4843182
327.0267458 23.58843241 153.4864984
327.2007889 148.7957254 791.9571212
327.2879634 433.3958206 171.5602383
328.0197809 34.8970429 141.8186969
328.2101425 146.8648145 194.9353722
329.0019242 28.03542901 81.725322
331.0813082 21.55819125 214.7508545
331.2831516 421.4929199 1989.876457
332.2885561 421.5321559 512.065862
332.8420081 23.61453221 134.2454399
333.1595697 160.3511752 130.3708452
334.1206455 183.5119251 230.4425871
334.8589941 22.90706631 126.9097422
335.977831 25.59198456 83.53825614
336.8873837 22.89737312 55.54399361
337.1806754 694.247877 346.0615796
337.287299 421.4929199 128.1853365
338.342644 461.3621724 4643.726979
338.9943237 28.81237879 290.6489788
339.1799922 694.2060033 282.267288
339.3450944 461.3621724 1221.759651
339.9934487 29.83973957 149.0720045
340.3460479 462.1254545 260.8008191
340.9646997 25.19618327 119.1010422
341.3043425 445.2858894 4359.1898
341.8875337 696.1720367 137.4542743
342.3077332 445.2790102 1137.407982
342.8906841 21.813798 270.7892097
343.2893594 443.6545577 558.0656458
344.2249963 148.7957254 257.7281419
344.8672749 22.93249602 216.1988476
346.8558952 24.19056296 94.6801488
348.3043981 420.9261387 655.7755118
348.9399806 28.82297338 78.03676206
349.082046 183.5085538 290.7843504
349.1835742 148.1501142 1814.980111
349.2724473 452.9462853 473.7223692
350.086089 184.1269318 112.4116665
350.1346387 279.0690902 147.3410069
350.1768541 147.5438371 403.6518651
350.757438 420.8971097 120.4216361
352.0987384 156.4468752 110.7605982
352.9038117 21.16789998 530.9771827
353.2678069 421.5343542 11690.89749
354.2693887 421.5436848 2356.283121
354.9222775 23.55124617 224.7750503
355.2672913 420.8888416 512.696946
355.2856493 370.2602505 303.893171
357.0447609 35.12452331 163.6395474
357.3465279 281.0279341 96.09474745
358.3737537 381.7337438 81.10859829
358.6532851 418.2798086 148.7945407
358.9548702 24.9368548 61.37287163
359.3158299 445.9482394 3786.483621
360.3173812 445.9602033 981.5003634
360.9888699 28.24026071 142.4302894
361.298988 445.3563412 279.9735079
362.9292836 20.51402768 717.5160261
362.9252372 685.2514854 1134.915836
362.9277298 486.0574202 929.5732779
363.164821 150.1004059 209.2545237
364.9329686 23.61453221 109.7674931
365.283522 445.2832526 255.7404009
366.3654229 475.3014447 213.2384598
366.9433034 24.91828541 129.9036259
367.279322 434.4639854 412.5636305
368.1428534 417.6243306 208.0914183
368.923637 24.19056296 105.6455674
369.2397942 421.1774101 341.6946499
369.3515883 513.870258 1013.171096
370.2623607 693.5661405 211.9952746
370.3516321 513.6671466 347.3727205
370.7448363 23.59262239 187.6989206
371.2556746 694.247877 942.9839676
371.2266182 155.1365743 505.007512
372.260315 693.6441266 210.7778935
372.2377516 155.7875093 165.8209475
372.7425269 23.58307567 407.1807634
373.9778586 28.80178419 62.93162509
374.740498 23.58843241 331.6601123
376.3406118 445.8607758 2312.973236
376.9315775 24.88985276 198.0016673
377.3285417 445.9602033 732.8176474
378.3375492 445.4158612 186.6111217
378.9231156 24.22520894 195.6857462
379.2425421 694.6429234 225.9116074
380.2452163 694.3964741 334.3007446
380.2623041 329.0173901 166.2044078
380.9807754 28.79019684 150.5121349
381.2989503 445.8607758 12858.00832
382.3016067 445.4264242 3399.944729
383.1154391 24.24056234 1561.692304
383.300016 445.3109757 641.6901451
384.1152327 24.2783809 230.8386142
385.0981499 25.50236231 106.3072884
385.2715244 693.5761629 240.0204416
386.0535988 29.13586521 66.92353287
387.0253893 28.09175817 90.74448294
387.2018912 311.1299215 266.8393379
387.2661024 444.0957884 301.7512153
388.252909 155.1448129 439.6189908
388.7884029 444.4923652 86.85737739
389.1151007 24.88985276 289.5452092
389.2274472 152.0614694 113.9824687
390.1147093 406.0678661 89.57848294
390.7749059 22.90706631 156.5706171
391.2066717 178.925927 88.1322934
391.3006935 457.2452802 561.2148844
391.7625846 694.8808999 90.41703357
392.8145855 22.91417704 182.6963862
392.7945706 696.9052858 116.6934441
393.2087999 155.1365743 773.6125056
393.2979357 459.3452255 1572.79765
394.2080765 155.7291002 160.3821745
394.3035657 459.5541541 401.5583831
394.8359641 22.93249602 115.0495207
395.3303532 463.8658529 238.7411202
396.0442999 157.7523133 23.36303061
396.9781469 28.10722589 70.67806275
397.2755431 445.9482394 697.5317538
397.9947885 30.64995345 140.0566151
398.0479188 157.1030952 2695.01148
398.3238214 445.0284982 512.6404243
398.4001097 278.4244856 147.9373754
398.7701485 694.2307092 341.5481967
398.9513919 26.19840594 65.82277171
399.7718892 694.265413 297.4761472
400.3147495 368.2635743 178.3689529
400.3814949 397.7319329 174.4401572
400.7632387 694.8602927 121.6745097
400.8349345 21.81266475 263.211354
401.7451172 694.9335201 59.99895347
402.0342866 30.78135081 242.1401289
402.8297569 21.81266475 278.1476029
403.7536482 694.8548848 55.70653768
405.0784706 33.2842766 115.5909867
405.2954613 464.5601567 299.2850454
407.1858289 156.4571406 148.0392004
407.7582353 695.6160828 86.04190915
408.7755748 701.9434624 94.39729591
408.9525054 22.98932831 245.4691357
409.3261489 466.1580564 328.5364723
409.9508408 23.25732373 66.39670669
410.7611645 695.5891136 87.32577766
410.8810352 21.8067154 389.2365533
411.3524088 279.0474545 133.7491709
411.7654692 696.8982464 161.5388822
412.3221825 278.3853896 556.8407036
412.8814165 22.89860743 253.8922069
413.2687747 458.1381893 933.5047032
413.2774897 692.9681887 338.7323828
413.3567562 279.048294 985.4600739
414.301737 256.5876124 246.9729225
414.322352 286.0150117 764.1672425
415.0744013 30.1346443 148.6980246
415.2131576 314.3974119 1887.825509
415.2576453 161.0191146 265.2554666
415.3431851 436.9556829 509.0770161
415.305705 256.5933723 88.09206219
416.2173225 314.3344789 534.3868399
416.3745552 502.8955886 406.833512
417.0539846 29.99184488 76.33715437
418.1937161 66.56891982 174.5830139
419.0208923 29.35790402 71.80397836
419.3146543 473.6653394 556.7039553
419.2486876 123.691056 211.3433373
420.0652998 35.1685863 196.4604089
420.1647845 183.483726 170.9788505
420.892658 21.16331767 406.8733551
421.7703734 695.6270004 73.17755982
422.8987864 22.92945869 208.7396241
423.9772667 28.77850386 81.97259473
424.3350673 358.6802735 154.576821
424.9163981 23.87776141 158.9193234
425.2899253 693.7519886 197.6526574
426.3107254 694.2783797 504.5968349
426.3534361 374.2990898 323.3811005
426.9787565 28.14508664 100.813831
427.3030309 693.6235732 172.9582683
427.3589086 493.2877912 534.9715875
428.3591873 493.9501578 251.5718831
428.7421489 23.56289962 164.6641357
429.374713 516.4310403 18689.88389
430.2960058 257.7618749 693.6794864
430.3787249 516.3858506 8814.201367
430.9306952 21.17351837 681.2617602
430.9158807 685.3383301 624.2151223
431.2905809 257.867485 265.7612755
431.3790594 515.9114724 2038.774113
432.3120882 256.5534861 206.5382986
432.2792941 161.0152028 451.7542931
432.3886295 515.8302312 489.2632297
432.7031319 23.58634095 291.2945545
433.3147174 256.5534861 89.56583422
433.3652972 435.3954909 652.931446
434.2943992 694.3363533 191.1640653
434.902576 24.88965759 91.48698851
435.2848477 693.9542283 275.6461224
435.1571691 183.4968974 68.78981311
436.2922047 693.9664831 185.3271654
436.8916175 24.24090012 148.6025303
437.1953349 313.740997 1065.374788
437.3271746 442.0315991 414.4732058
437.2347499 161.0191146 662.670141
438.3376828 442.1054168 158.7265525
438.9130321 25.50006845 83.91239576
441.0544181 25.59198456 47.06394647
441.300267 473.4486893 618.6755701
441.9719478 28.82624528 93.81153775
442.9843966 29.39396483 101.2853128
444.9583612 26.17120539 95.33228579
446.0127381 30.71036325 162.371144
446.9962399 29.41466082 254.5540017
447.3837491 516.3858506 2843.548871
447.3471027 429.863765 1017.364757
448.3062975 257.8049595 654.8330884
448.3840165 516.4310403 885.2228125
448.7145301 23.56289962 77.34386475
449.0335743 28.14808733 75.93773876
449.1575563 279.6709439 441.6398077
449.3536207 439.5321447 679.3825851
450.3198277 290.615176 345.8791441
450.3212714 256.2284686 143.2620279
450.746855 22.99229964 69.67670367
451.3529319 433.1806466 321.8792926
452.3588932 515.8229867 172.5991061
452.9660226 26.19840594 72.16799267
453.7824642 694.9335201 131.3251837
453.7426349 149.4470411 92.96138183
454.2927864 364.3687716 282.2199059
454.9703424 27.78116214 76.0066602
455.3301282 436.3560112 551.8075647
456.0670918 157.7577988 144.4130948
456.3325289 435.7188074 156.8963858
457.0697904 157.7632843 61.83290441
457.1981772 123.0596383 122.3850205
458.0651793 157.7632843 27.49255497
458.4037553 399.0851987 489.5742963
459.0392624 29.42577494 121.464748
459.3078631 461.8748905 507.2078725
459.2758954 166.0416648 204.6698152
460.0907357 157.7523133 22.01520918
460.3972653 442.7920693 102.8981054
460.8120399 23.04406961 108.6412201
463.1695526 329.6745754 131.0303963
466.3167962 257.8761249 1218.373107
466.9556352 25.25342168 128.0354447
467.3147664 257.886926 383.6533642
468.3104382 330.6717546 172.7851086
468.8513402 22.92945869 125.2366566
469.3850872 431.1350149 1297.169886
470.3847196 430.4893851 383.4437929
470.8336046 21.80850449 107.055731
471.7314527 184.1352467 72.33964529
472.3045109 256.4875753 36.52649474
475.3469601 446.6252746 791.0540969
476.3065755 166.696079 428.2853891
476.3943614 441.4757404 210.793929
476.9393351 22.93809929 81.10029029
477.2688302 163.6181575 178.0639824
478.3263741 694.9328958 998.5890604
478.3016227 352.1590575 979.118818
478.8528987 21.16789998 135.6266109
479.3222515 694.247877 298.1564363
479.3032893 352.1590575 279.9410795
480.3210384 373.0313745 885.2546024
480.8521702 22.93249602 164.3723804
481.2618708 166.6967349 514.7974582
481.3232644 441.8099712 1100.145084
482.3257766 395.7625022 737.6825669
482.3550394 441.7346925 150.2202773
484.8429613 23.58634095 64.51960143
486.6975095 23.57725816 86.15397641
488.2963727 257.8421953 260.5985995
488.4197414 515.854283 286.688622
488.8934093 21.80315806 210.200311
490.6565445 23.58634095 236.8553942
491.37053 431.7838286 896.2581285
492.8560128 23.59262239 143.6912665
494.3256346 341.8858817 843.2309395
494.8441062 24.22520894 164.0518853
495.3231439 341.2634802 238.3721895
495.378298 440.1262073 367.6373747
496.3425213 365.6700529 20778.81457
496.8479721 24.24192771 85.8223778
497.344654 365.6748048 5928.445929
498.3471159 365.6748048 1381.541728
498.9002383 685.3493896 290.6950617
498.9358997 21.8067154 293.3506627
499.3482773 365.6780614 277.3459607
500.975162 26.14432714 65.61102
501.2661233 190.473132 65.05725196
502.3028126 693.9915088 597.4805598
502.2965393 350.8526729 742.6788241
503.3008133 171.8653521 151.7089329
503.4078362 433.7916774 808.7764513
504.3306453 693.625389 235.627639
504.3655633 461.9554071 662.3959326
505.3974437 459.9266926 549.8052062
506.3603408 694.295781 741.1533175
507.0069534 26.79669767 50.09779285
507.3328028 386.869878 667.3302426
507.3643347 693.9836509 288.6481664
507.3853815 456.6033761 235.0480036
508.3677273 382.9451051 640.4796243
508.6875452 22.94052966 72.69527852
510.3574943 379.1582448 596.8103096
510.7542859 162.9746621 521.5627263
511.3617876 450.0055397 375.8996561
511.7556032 162.9693676 115.6446386
512.969952 24.88961389 54.04784182
513.4159868 474.1427619 176.1944345
515.3865117 421.5436848 615.2242999
516.3852533 421.4643583 133.0767014
516.590725 278.4014316 84.86556013
517.3534904 480.9862624 713.5970064
518.3239623 365.6748048 1199.92495
518.7461027 21.95071845 80.06833662
519.3277896 365.0270784 381.384102
519.4029951 445.2901317 1294.654003
520.3424855 352.8030523 10198.86983
520.4075387 442.8023595 525.2489134
521.3449192 352.8030523 3177.301241
521.4225958 431.8567199 2223.165246
522.3581761 373.3302138 10052.8995
522.5896665 451.6218063 238.9370336
523.2814404 193.0916746 77.54919516
523.3609546 373.3302138 3184.408337
523.5636261 451.633715 233.8071535
524.3732048 396.4612024 8222.069767
525.2872649 171.9262037 396.5983306
525.3759922 395.8351998 2577.473334
525.3731527 440.7541475 410.2921366
526.2940164 350.1872514 406.544647
526.3783275 396.4141134 599.1884843
526.8298234 23.57609141 106.7336373
528.9986654 28.67075009 83.89474415
529.8735052 467.743964 137.6543952
531.28049 415.6521579 540.0399031
531.4039352 488.9782093 766.207791
532.2895776 414.5438585 180.3883331
535.0314069 24.83109056 100.3755359
535.4033678 470.2068756 220.224862
536.1782876 505.4043484 345.8603305
536.8208307 21.81266475 105.2992727
537.191407 505.5673851 198.7387986
537.4966689 551.0496863 343.0602665
538.1896327 505.3955137 151.582298
538.5046548 550.1978588 165.7374858
538.8183892 21.813798 103.465569
539.3179804 481.733161 608.72387
539.4032546 431.8567199 598.6864197
540.3216978 481.7581276 233.9888286
540.4541584 433.0901534 182.2886217
540.8218985 23.04406961 82.64524615
541.3921722 441.0479329 756.2306865
542.3225568 352.8023278 630.7602977
543.319551 352.8023278 221.7677578
543.4011277 450.9818511 619.0261435
544.3417447 352.7199886 2722.287804
544.9172134 21.813798 87.60164766
545.3443827 352.7981043 908.1325825
545.4194109 457.4982524 404.2542855
546.3564505 363.7060988 1727.033905
546.3653265 396.467784 1037.71267
546.8425984 21.16789998 160.9265407
547.4297296 451.089766 491.5641207
548.3933244 444.0289944 343.6497242
548.3696716 381.1401543 507.9990248
548.6187435 23.56658676 171.6143338
550.4041647 402.6626709 372.3390925
550.630246 459.1583566 514.6678989
551.3631614 388.1631847 656.5874176
551.5976462 459.0624729 263.3307187
552.8032446 23.92590611 101.0649051
553.2577781 416.3328708 453.5775605
553.3768644 489.0021987 991.7990884
554.2632551 416.0708984 189.9801846
554.8041306 24.2156653 75.91377528
556.909255 22.93091981 221.1625686
558.9365207 23.58948167 79.35553062
559.5077885 552.5299562 281.9271407
560.5003863 549.7499896 152.1849163
560.9361997 23.58190892 44.25888041
561.4107883 430.4893851 990.4385042
562.4080763 481.7842581 468.3992722
562.4146066 430.1801509 351.976759
563.4277855 438.1240076 618.0558777
564.439034 439.1580961 347.8505371
564.3569696 176.3016268 198.525147
565.3105476 171.2926066 117.6178095
565.4148636 442.3469073 345.0808652
565.5649953 605.3740443 241.163038
566.4304732 446.5944187 353.5234198
566.5697987 605.2823334 116.219432
566.8984883 20.53183482 339.0362674
566.8899925 685.9552814 283.0779923
567.3082558 198.7719824 52.65433312
567.4167743 446.5944187 349.3593993
568.3413086 352.1562127 822.8819502
568.4327661 446.6247325 604.551262
569.3114376 176.3286752 221.3375858
569.4061168 443.3640315 851.6069583
570.4011465 442.1026674 178.7550672
570.3525823 362.3591743 362.6556884
571.4239148 463.951773 320.530286
572.3708531 374.5445242 243.1652072
573.4383458 692.5001141 149.267242
573.8964066 466.8951035 171.8396336
575.4102883 481.7325791 1956.227208
576.3426945 414.5328556 280.3339508
576.4135418 482.2924 425.8366653
576.7287199 21.81780028 67.02274452
577.3454458 415.1804078 142.2209616
577.4857688 451.6363973 1282.199785
578.4873073 451.0022724 459.5815526
579.3608987 503.0171347 250.4304312
579.5158462 462.3332632 519.2675156
580.5215099 462.6489481 194.3216164
581.2420682 444.7595162 2478.291014
582.2474191 444.7373578 1203.731424
583.2665432 445.2901317 3415.623123
584.2698812 445.3187931 2620.965536
585.2763748 445.3563412 6384.354131
586.2800941 445.3563412 2399.556038
586.7438594 21.81636577 91.07780511
586.8218915 199.4380359 27.45250627
587.298281 445.281647 721.2657251
587.5461746 605.2885532 255.23624
588.546506 605.3897303 121.741358
588.745256 21.81493125 60.34993976
589.3311337 414.5413833 582.1206413
589.4439759 488.3231457 470.0091936
590.3292177 414.5548614 220.0495012
590.4265642 386.1825892 891.1047564
593.4653994 449.0281899 694.1816877
594.7951153 21.813798 101.1747588
595.3816031 386.8374335 607.5599499
595.4855159 452.9318561 1149.718387
595.5880645 552.5670666 158.1276189
596.4824023 457.8518986 521.1808767
596.5940062 551.9601134 72.16417921
596.7782566 21.81493125 141.3131393
597.4556852 457.526939 972.9109805
598.4471808 459.9129335 378.2846446
598.7586722 22.91780042 87.44916085
599.4582472 465.1399592 656.3337983
601.3505529 503.037095 252.485194
602.952449 22.37797622 62.09710064
603.2265893 444.7753494 1154.555723
603.4484594 477.3570135 525.8353685
603.7874777 163.6244889 1198.227723
604.2298821 445.2901317 477.7094882
604.8132097 21.8067154 145.1656189
604.7905533 163.6217221 293.3715279
605.2425316 445.4041653 339.204168
606.8094514 21.78298195 149.5708123
607.2795876 445.9468485 432.6698834
607.5690529 582.8542525 92.03395257
608.3811288 180.2151464 160.7756364
608.4706096 440.1686643 154.6779052
608.5746881 23.57027391 119.6702103
608.9356956 472.5837662 98.33290951
610.1888342 537.0239043 2171.181329
610.7642289 23.58307567 99.14651589
611.1900804 537.0562744 1332.665066
612.1895096 537.0562744 1014.599126
612.8298304 21.8067154 158.8910927
613.1991703 537.0827971 453.2415351
613.3372311 180.2250759 159.9609355
613.4022051 439.7945929 475.6463451
614.2011394 537.0562744 222.2258476
614.8270725 21.80407406 230.6011538
615.1777556 537.0239043 92.17125971
615.4590573 447.4862631 1324.54508
615.5943916 682.8842423 88.74352226
616.1805156 290.6212959 191.4951103
616.8411505 21.88425937 133.2063034
617.4761556 453.5764683 2726.594309
618.4728468 454.8851403 1118.935379
619.51098 463.1769191 1598.983368
619.7503631 197.4594763 734.6136692
620.5088662 463.2428267 566.4744711
620.7514809 197.4299301 203.1344597
621.3255342 454.8831149 386.6288566
622.3985463 446.2235076 162.4651658
623.607985 605.2187479 155.1924971
624.4218862 503.3487859 368.0121902
624.5951693 466.1821286 136.4118559
624.8516106 21.16331767 220.8376692
626.3546195 231.9924399 88.91523354
626.8485612 21.80315806 80.937945
627.384298 436.3571106 94.05125883
630.6092912 484.3405639 156.4097406
630.8508721 203.3416213 28.21021695
633.5126589 515.2001395 252.4215778
634.4518968 386.1545918 1004.886339
634.8881101 20.53183482 241.9675045
634.8780296 686.7334476 212.7813985
635.4523931 385.5535296 572.1337305
636.3188554 417.6213854 305.5791432
637.3089348 417.622858 20631.27085
637.4211806 503.6254168 624.9493769
637.963808 473.8875614 156.0555266
638.2138847 537.0746006 142.4705634
638.3128363 417.622858 8492.877834
638.4244245 503.6363168 321.7210105
638.7231857 197.4549677 236.1892503
639.3122193 417.6274667 1843.879829
639.4109056 385.5535296 705.1541597
640.3203068 417.6552116 519.4161598
640.4649138 468.6976781 283.4576362
641.4506315 466.5193859 435.2400463
642.4421671 465.7719066 265.8507728
643.3160357 454.6640151 448.6232076
644.3182603 454.2973055 209.1056027
644.7237313 22.4252801 71.99950073
645.2612319 445.2901317 800.7069145
646.2636507 445.3195031 324.5142005
647.4962054 450.4405717 311.5828572
647.5603394 582.7292577 133.2379797
648.6295988 484.5916131 203.4301259
649.6325852 484.5916131 78.50785636
650.4396762 407.3872915 124.2437659
650.6429163 623.761326 69.14438878
652.4880935 439.5131073 190.2127139
653.436065 478.061504 307.6082323
653.5058505 440.1686643 99.05882395
654.3353748 417.622858 3934.183962
654.7259245 21.80908657 101.7796127
655.3401681 417.622858 1661.640663
656.3430146 417.6243306 452.1617687
656.7247036 21.87726117 114.1536349
657.4516352 440.4580904 184.874626
659.2916478 417.622858 5623.02181
659.4893525 627.4436554 224.7562161
660.2955915 417.622858 2096.669425
661.3031748 417.6243306 517.225374
661.9504278 464.9399437 132.375378
662.7634355 21.8067154 128.6746224
663.2632898 188.5127274 119.6334666
663.4571884 547.475793 1386.99637
663.4297269 467.472134 414.8573684
664.4597714 547.3642336 656.5614146
664.7666079 21.8067154 118.2820768
665.4610068 547.558225 217.6682074
666.3164636 123.0638754 62.60014936
666.3945682 452.9444633 301.2544502
666.6195469 626.799552 241.0263002
666.7416527 22.92130997 82.34801758
666.9728695 484.4057424 105.873361
667.5627032 421.5633099 195.6524728
668.727235 23.56658676 92.73820059
669.3349031 422.8940399 3362.846643
670.338182 423.4865176 1271.853447
670.5200598 479.4276118 686.3922448
670.7292537 23.53679846 132.0630334
671.3495185 422.8531797 433.2960915
671.527928 479.4276118 351.8192383
672.7607366 21.81636577 171.9549149
673.5143585 453.7614811 467.2808944
674.519914 453.6122481 247.0226524
674.8247743 21.88425937 158.7786911
675.2699868 418.2780816 218.5857419
675.421456 477.9579282 641.2115914
675.8120289 164.7335573 336.274793
676.4297267 477.8916642 309.7366659
676.8580636 23.56075082 69.03566099
678.4799585 385.5355262 924.7944232
679.3910191 453.6015244 530.7796525
679.4785515 384.9351368 650.9667772
680.3814627 454.2252494 209.1124405
680.4790819 547.4580172 433.0966085
680.8942995 21.17822495 96.86193785
681.4808989 547.3956822 221.5643833
681.474883 496.677445 528.9046751
682.3657934 418.2705089 846.800903
682.5103769 498.0555304 289.1104345
682.8215205 21.16789998 199.5162422
683.4337207 384.9045057 661.1536175
683.5366067 421.5436848 3341.025572
683.9620663 463.8525368 106.5612911
684.2066811 581.4287796 1620.737727
684.5495273 421.5237381 1374.05681
684.7904533 21.17351837 106.1765436
685.2080699 581.3887034 1076.389355
685.4387318 547.423801 1204.966263
685.5474983 420.9372227 419.8114498
686.20582 581.4871632 884.3564024
686.4419027 547.4855752 594.049121
686.3746951 418.943432 875.4334653
687.2102803 581.4186969 436.1418346
687.3589992 420.9150547 375.5777042
687.4255784 547.668215 162.694253
687.5149318 463.8305867 367.4583654
688.2105092 581.4197926 205.3362587
688.5137288 463.2973651 210.5742332
689.5228897 422.1122778 292.5228609
690.529958 422.1751775 348.9885493
691.3159544 420.2492207 2423.836531
691.4105557 478.0304481 315.6443754
692.3198745 420.2566633 974.4871509
692.8418011 21.1611917 212.5401996
693.3265961 420.9025287 268.1977262
694.4894205 547.3993669 116.0265925
694.8257235 21.17540024 92.58059315
695.365844 417.3019175 1334.915562
696.3936367 417.6213854 509.4885239
697.3610663 417.6306028 291.6294644
698.5019947 494.5339874 2166.395825
698.7806287 192.4265311 392.6012139
699.5053885 495.3122308 1184.518164
699.7878644 192.437118 141.1627174
700.5467502 499.3523926 467.5454734
701.3991545 547.39051 121.59458
702.8741161 20.51402768 259.2377013
703.4589088 496.6282589 1157.835469
703.5775633 444.2452045 5549.476174
704.4902534 497.9490062 724.3840508
704.5806726 444.2869138 2547.270399
705.5152178 666.3170124 2688.115205
705.5853906 444.7753494 878.4972591
706.5381777 523.04918 483.7184306
706.5100875 666.5386684 1250.027674
707.5414344 523.0447823 198.5985479
708.5122818 547.3975246 1085.906794
709.5137385 547.3642336 533.7081526
710.5076464 547.273577 136.8054
711.4935958 478.0304481 1240.23337
712.2394632 581.6453199 170.781964
712.5040852 478.7402791 630.7709971
713.2457255 581.6053912 133.9132083
713.5088505 478.7053478 276.5341429
714.2414076 581.3573579 88.11692517
714.4005483 420.198122 521.8985935
715.4105997 420.2723249 266.5984943
715.5501608 582.7386438 143.7302893
717.5959117 446.3237421 384.1239251
718.578693 555.2411075 409.5693887
719.433959 496.9508291 558.5596347
720.4352756 496.6618854 256.7480783
720.5919418 638.4088269 220.026553
720.7205836 21.80434423 64.54047887
721.5100551 547.4855752 2009.007554
722.5107851 547.4219586 1023.378109
722.525372 665.2967173 1136.807427
722.5695052 499.8418995 140.0522926
722.7228068 21.81087566 89.34126641
723.526442 546.6223262 714.5656127
723.6385838 445.4158612 223.749111
724.5320024 543.031432 639.7558314
724.6472417 445.4158612 117.6845579
726.5313886 496.5678474 1758.0514
727.3868215 420.5858481 874.6191485
727.4861023 665.5221703 3483.034947
727.5323646 496.5610005 911.7535343
728.3944268 420.5858481 452.4515089
728.488903 665.5302946 1744.171267
728.7059756 22.93755833 80.0503725
729.4857577 666.0236168 477.4390483
730.5408782 503.5674714 1060.717816
730.7374039 22.89860743 110.6292723
731.5466433 503.8958634 509.9128744
731.6085746 445.3673272 784.7771556
731.6105858 692.9392498 507.5553345
732.55691 522.7607621 6631.746189
732.7328786 21.80908657 132.948246
733.3279863 166.6954247 1113.612913
733.5605852 522.5171078 2964.794248
734.5716746 567.5021965 1577.957249
734.5642246 521.1875492 711.3106646
734.6303908 446.5888162 588.8150665
735.5763422 568.0332734 539.017517
735.6614226 446.3293446 181.792615
739.5278294 496.6282589 2975.988564
739.6096996 445.3563412 6048.323765
740.5316857 496.6282589 1578.090559
740.6095336 445.3195031 3025.137594
740.7693665 21.8067154 114.4343763
741.5332794 497.2584928 517.8776207
741.5954973 445.6166654 945.5989468
742.5729419 545.3728901 3932.646908
742.7700191 21.18104966 97.59088847
743.5802934 545.5304436 1823.987676
744.5910062 555.1890839 3248.01753
745.5978211 554.5913598 1426.30024
746.077387 445.9421631 157.8900424
746.5790839 552.2488603 1627.1951
746.6067373 628.4543673 1945.761557
747.0692335 445.7963436 80.90682844
747.5830474 551.3255649 555.4761671
747.612035 628.4543673 944.1783884
748.8674243 21.165774 84.03509013
749.3826842 169.299739 141.2712587
750.5609049 667.3392958 3138.378172
750.8117715 21.16789998 151.0153921
751.5640045 667.2987703 1685.061586
752.5198375 502.926431 306.9013873
752.5635161 667.8258956 534.4665131
752.8035431 21.47730922 84.55569356
753.511489 501.8167752 137.014737
754.5372234 522.3172051 1849.071308
755.5402055 521.6689739 622.3786117
756.5558974 508.3536363 5338.945208
757.5607129 507.4910216 2365.072222
758.2260153 665.0631679 879.7653183
758.5732414 525.8909878 148690.7247
759.2276984 664.9111621 658.6490583
759.5760533 525.6404713 72718.65869
760.2256722 664.9478399 579.4549301
760.5895892 562.5609794 52501.1336
760.5797884 522.2341921 17053.45162
761.3528368 525.8253871 2050.971524
761.5926341 562.5609794 23100.98548
762.5966816 562.1562209 6493.059387
763.5573025 668.5785295 6037.805813
763.6152035 561.4829562 718.2384475
764.5584354 669.157689 3161.085098
764.5472044 544.0701872 1044.199779
765.5557793 669.3095328 695.9999417
766.5743597 519.9579766 4439.71098
767.5752037 520.162566 2217.935412
768.5922442 539.1920724 8985.149181
769.5969651 538.8663959 4291.10865
770.6088097 550.0855068 2540.139226
770.8640371 20.51402768 190.7100297
771.49317 384.8863412 484.3737344
771.628259 552.6337625 503.9800269
772.5897189 551.4438006 2727.246911
773.5952082 551.0612543 859.4286799
774.6067844 615.0985665 832.3478512
775.6190254 612.9444705 117.2568215
777.5662115 688.3996165 351.0835746
778.5335776 506.8744254 1374.014443
779.5315334 506.2241749 569.4593354
780.5571136 526.4744806 40132.60103
781.5591774 526.1928112 18913.58269
782.444716 23.58529168 253.7746342
782.5735237 516.4555515 59208.26189
782.5707402 564.3859442 20316.14456
783.5772371 515.806026 28304.86399
783.5743921 563.7329337 9551.925252
784.5895085 532.2621066 43904.63563
785.5957916 533.0209437 20394.65602
786.6068654 572.5441936 70694.29968
787.6105225 572.4427324 34886.31087
788.6156445 572.8885649 9454.354609
788.6198606 648.6575264 9120.437926
789.3592482 572.4489791 640.5711037
789.6265309 649.6663841 3620.987878
790.5768366 538.5791902 1622.857875
791.5770017 539.0326499 285.8582597
792.5838095 518.3829071 2142.870503
793.5771704 520.4118759 1056.714966
794.6053848 537.5622231 8962.921127
795.6144395 537.3489112 3994.429215
796.5502132 528.0406852 3713.380014
796.6196611 594.303957 2763.074299
797.538474 525.5777815 787.3086349
797.6309995 595.0161046 1116.965777
798.5592938 560.3853333 889.8453396
799.2532275 664.9111621 380.0254074
799.5457596 559.8998309 81.57630451
800.2540498 665.2777393 295.6835361
801.2531998 664.9478399 272.4724151
802.247461 664.8729435 148.5409095
802.5346566 497.9573903 890.1156653
803.5344312 498.2337498 409.0958116
804.5541346 516.1049385 16126.79212
805.5579994 516.1049385 7978.726817
806.5708392 508.2832218 37944.16336
807.5760622 506.5890662 18185.63785
808.58744 516.2618414 15825.02035
808.5865757 572.4403042 26534.81357
809.5921279 516.4310403 6610.377137
809.5897102 572.4514073 12473.25312
810.6039405 552.7206424 34513.39001
811.6163877 552.0988797 18094.55864
811.6638957 447.2562645 1223.482568
812.6234526 593.0681487 12957.95938
813.685542 446.5967682 4485.408335
813.638432 592.0146014 6815.996931
814.6872235 446.5150223 2360.083676
814.6367999 592.2593134 1343.31274
815.5158937 384.8195424 368.9441128
815.6990929 445.9445612 1897.808434
816.6211424 529.284938 8537.993356
817.6243391 529.8291832 3760.893548
818.6392154 562.8610632 3244.496208
819.6447086 562.5609794 1265.987707
820.5316681 516.0027184 1256.214727
820.6187547 557.0121148 1858.830698
821.5383111 512.7518322 410.2690775
822.5384462 532.7109103 827.7944696
823.5283937 531.8077683 135.8211135
824.5565018 572.5621384 1278.064866
824.6755003 682.6819582 451.7437839
825.5506387 571.7947112 371.7770182
828.5546977 506.2805086 6884.242741
829.5568054 506.3000075 3457.925547
830.5688157 516.2618414 5253.898307
831.5723832 516.9145121 2090.592732
832.5856254 552.5446152 12419.2319
833.5931045 552.5446152 6299.335295
834.603759 541.7453279 11020.76381
835.6145172 540.1293971 5144.362752
836.6200057 551.0814966 3751.10842
837.6285088 551.29595 1252.458054
838.6372461 606.6141684 996.6783036
838.8406315 20.52260815 142.1789976
839.6474852 606.6871441 394.9875685
840.6247469 519.704477 1927.98762
841.6308514 519.0144427 805.4478407
842.6431025 534.2564072 2578.234431
843.6522228 534.9919902 995.7420554
844.5193186 504.3525247 279.2324452
844.6589291 571.7921866 5926.252741
845.665117 572.0868198 2625.764031
846.5280909 506.8411418 380.6225346
846.6722675 572.4120632 591.3031367
846.7579481 657.5225879 2269.590695
847.7641022 657.5225879 1306.020097
848.541168 527.9766794 3786.517772
849.5431944 527.9575839 1427.068717

